// output of ./demo/comb/composition-nz-smooth-demo.cc:
// Description:
//% Smooth compositions: compositions of n with first and last part 1
//% and maximal absolute difference 1 between consecutive parts.
//% Lexicographic order.
//% Same as "1-dimensional sand piles", see OEIS sequence A186085.

arg 1: 11 == n  [Smooth compositions of n]  default=11
arg 2: 0 == aa  [Whether to render as ASCII art]  default=0
   1:  [ 1 1 1 1 1 1 1 1 1 1 1 ]
   2:  [ 1 1 1 1 1 1 1 1 2 1 ]
   3:  [ 1 1 1 1 1 1 1 2 1 1 ]
   4:  [ 1 1 1 1 1 1 2 1 1 1 ]
   5:  [ 1 1 1 1 1 1 2 2 1 ]
   6:  [ 1 1 1 1 1 2 1 1 1 1 ]
   7:  [ 1 1 1 1 1 2 1 2 1 ]
   8:  [ 1 1 1 1 1 2 2 1 1 ]
   9:  [ 1 1 1 1 2 1 1 1 1 1 ]
  10:  [ 1 1 1 1 2 1 1 2 1 ]
  11:  [ 1 1 1 1 2 1 2 1 1 ]
  12:  [ 1 1 1 1 2 2 1 1 1 ]
  13:  [ 1 1 1 1 2 2 2 1 ]
  14:  [ 1 1 1 2 1 1 1 1 1 1 ]
  15:  [ 1 1 1 2 1 1 1 2 1 ]
  16:  [ 1 1 1 2 1 1 2 1 1 ]
  17:  [ 1 1 1 2 1 2 1 1 1 ]
  18:  [ 1 1 1 2 1 2 2 1 ]
  19:  [ 1 1 1 2 2 1 1 1 1 ]
  20:  [ 1 1 1 2 2 1 2 1 ]
  21:  [ 1 1 1 2 2 2 1 1 ]
  22:  [ 1 1 1 2 3 2 1 ]
  23:  [ 1 1 2 1 1 1 1 1 1 1 ]
  24:  [ 1 1 2 1 1 1 1 2 1 ]
  25:  [ 1 1 2 1 1 1 2 1 1 ]
  26:  [ 1 1 2 1 1 2 1 1 1 ]
  27:  [ 1 1 2 1 1 2 2 1 ]
  28:  [ 1 1 2 1 2 1 1 1 1 ]
  29:  [ 1 1 2 1 2 1 2 1 ]
  30:  [ 1 1 2 1 2 2 1 1 ]
  31:  [ 1 1 2 2 1 1 1 1 1 ]
  32:  [ 1 1 2 2 1 1 2 1 ]
  33:  [ 1 1 2 2 1 2 1 1 ]
  34:  [ 1 1 2 2 2 1 1 1 ]
  35:  [ 1 1 2 2 2 2 1 ]
  36:  [ 1 1 2 3 2 1 1 ]
  37:  [ 1 2 1 1 1 1 1 1 1 1 ]
  38:  [ 1 2 1 1 1 1 1 2 1 ]
  39:  [ 1 2 1 1 1 1 2 1 1 ]
  40:  [ 1 2 1 1 1 2 1 1 1 ]
  41:  [ 1 2 1 1 1 2 2 1 ]
  42:  [ 1 2 1 1 2 1 1 1 1 ]
  43:  [ 1 2 1 1 2 1 2 1 ]
  44:  [ 1 2 1 1 2 2 1 1 ]
  45:  [ 1 2 1 2 1 1 1 1 1 ]
  46:  [ 1 2 1 2 1 1 2 1 ]
  47:  [ 1 2 1 2 1 2 1 1 ]
  48:  [ 1 2 1 2 2 1 1 1 ]
  49:  [ 1 2 1 2 2 2 1 ]
  50:  [ 1 2 2 1 1 1 1 1 1 ]
  51:  [ 1 2 2 1 1 1 2 1 ]
  52:  [ 1 2 2 1 1 2 1 1 ]
  53:  [ 1 2 2 1 2 1 1 1 ]
  54:  [ 1 2 2 1 2 2 1 ]
  55:  [ 1 2 2 2 1 1 1 1 ]
  56:  [ 1 2 2 2 1 2 1 ]
  57:  [ 1 2 2 2 2 1 1 ]
  58:  [ 1 2 2 3 2 1 ]
  59:  [ 1 2 3 2 1 1 1 ]
  60:  [ 1 2 3 2 2 1 ]
 ct=60
