// output of ./demo/comb/partition-odd-asc-demo.cc:
// Description:
//% Integer partitions into odd parts as weakly ascending list of parts.
//% Cf. OEIS sequence A000009.

arg 1: 18 == n  [integer partitions of n into odd parts]  default=18
  1:   [ 1 1 1 1 1 1 1 1 1 1 1 1 1 1 1 1 1 1 ]
  2:   [ 1 1 1 1 1 1 1 1 1 1 1 1 1 1 1 3 ]
  3:   [ 1 1 1 1 1 1 1 1 1 1 1 1 1 5 ]
  4:   [ 1 1 1 1 1 1 1 1 1 1 1 1 3 3 ]
  5:   [ 1 1 1 1 1 1 1 1 1 1 1 7 ]
  6:   [ 1 1 1 1 1 1 1 1 1 1 3 5 ]
  7:   [ 1 1 1 1 1 1 1 1 1 3 3 3 ]
  8:   [ 1 1 1 1 1 1 1 1 1 9 ]
  9:   [ 1 1 1 1 1 1 1 1 3 7 ]
 10:   [ 1 1 1 1 1 1 1 1 5 5 ]
 11:   [ 1 1 1 1 1 1 1 3 3 5 ]
 12:   [ 1 1 1 1 1 1 1 11 ]
 13:   [ 1 1 1 1 1 1 3 3 3 3 ]
 14:   [ 1 1 1 1 1 1 3 9 ]
 15:   [ 1 1 1 1 1 1 5 7 ]
 16:   [ 1 1 1 1 1 3 3 7 ]
 17:   [ 1 1 1 1 1 3 5 5 ]
 18:   [ 1 1 1 1 1 13 ]
 19:   [ 1 1 1 1 3 3 3 5 ]
 20:   [ 1 1 1 1 3 11 ]
 21:   [ 1 1 1 1 5 9 ]
 22:   [ 1 1 1 1 7 7 ]
 23:   [ 1 1 1 3 3 3 3 3 ]
 24:   [ 1 1 1 3 3 9 ]
 25:   [ 1 1 1 3 5 7 ]
 26:   [ 1 1 1 5 5 5 ]
 27:   [ 1 1 1 15 ]
 28:   [ 1 1 3 3 3 7 ]
 29:   [ 1 1 3 3 5 5 ]
 30:   [ 1 1 3 13 ]
 31:   [ 1 1 5 11 ]
 32:   [ 1 1 7 9 ]
 33:   [ 1 3 3 3 3 5 ]
 34:   [ 1 3 3 11 ]
 35:   [ 1 3 5 9 ]
 36:   [ 1 3 7 7 ]
 37:   [ 1 5 5 7 ]
 38:   [ 1 17 ]
 39:   [ 3 3 3 3 3 3 ]
 40:   [ 3 3 3 9 ]
 41:   [ 3 3 5 7 ]
 42:   [ 3 5 5 5 ]
 43:   [ 3 15 ]
 44:   [ 5 13 ]
 45:   [ 7 11 ]
 46:   [ 9 9 ]
 ct=46
