// output of ./demo/comb/tree-lev-seq-demo.cc:
// Description:
//% Level sequences for unordered rooted trees.
//% Cf. OEIS sequence A000081.

arg 1: 6 == n  [Number of non-root nodes]  default=6
arg 2: 0 == aa  [Whether to render trees as ASCII art]  default=0
   1:  [ 0 1 2 3 4 5 6 ]
   2:  [ 0 1 2 3 4 5 5 ]
   3:  [ 0 1 2 3 4 5 4 ]
   4:  [ 0 1 2 3 4 5 3 ]
   5:  [ 0 1 2 3 4 5 2 ]
   6:  [ 0 1 2 3 4 5 1 ]
   7:  [ 0 1 2 3 4 4 4 ]
   8:  [ 0 1 2 3 4 4 3 ]
   9:  [ 0 1 2 3 4 4 2 ]
  10:  [ 0 1 2 3 4 4 1 ]
  11:  [ 0 1 2 3 4 3 4 ]
  12:  [ 0 1 2 3 4 3 3 ]
  13:  [ 0 1 2 3 4 3 2 ]
  14:  [ 0 1 2 3 4 3 1 ]
  15:  [ 0 1 2 3 4 2 3 ]
  16:  [ 0 1 2 3 4 2 2 ]
  17:  [ 0 1 2 3 4 2 1 ]
  18:  [ 0 1 2 3 4 1 2 ]
  19:  [ 0 1 2 3 4 1 1 ]
  20:  [ 0 1 2 3 3 3 3 ]
  21:  [ 0 1 2 3 3 3 2 ]
  22:  [ 0 1 2 3 3 3 1 ]
  23:  [ 0 1 2 3 3 2 3 ]
  24:  [ 0 1 2 3 3 2 2 ]
  25:  [ 0 1 2 3 3 2 1 ]
  26:  [ 0 1 2 3 3 1 2 ]
  27:  [ 0 1 2 3 3 1 1 ]
  28:  [ 0 1 2 3 2 3 2 ]
  29:  [ 0 1 2 3 2 3 1 ]
  30:  [ 0 1 2 3 2 2 2 ]
  31:  [ 0 1 2 3 2 2 1 ]
  32:  [ 0 1 2 3 2 1 2 ]
  33:  [ 0 1 2 3 2 1 1 ]
  34:  [ 0 1 2 3 1 2 3 ]
  35:  [ 0 1 2 3 1 2 2 ]
  36:  [ 0 1 2 3 1 2 1 ]
  37:  [ 0 1 2 3 1 1 1 ]
  38:  [ 0 1 2 2 2 2 2 ]
  39:  [ 0 1 2 2 2 2 1 ]
  40:  [ 0 1 2 2 2 1 2 ]
  41:  [ 0 1 2 2 2 1 1 ]
  42:  [ 0 1 2 2 1 2 2 ]
  43:  [ 0 1 2 2 1 2 1 ]
  44:  [ 0 1 2 2 1 1 1 ]
  45:  [ 0 1 2 1 2 1 2 ]
  46:  [ 0 1 2 1 2 1 1 ]
  47:  [ 0 1 2 1 1 1 1 ]
  48:  [ 0 1 1 1 1 1 1 ]
 ct=48
