00000749
00000899
00000467
-0000365 
-0000921
-0000684
00000254
00000858 
00000836
00000231
-0000609
-0000944 
-0000415
00000526
00000891
00000674 
-0000096
-0000806
-0000868
-0000082 
00000749
00000899
00000467
-0000363 
-0000920
-0000684
00000254
00000858 
00000833
00000232
-0000609
-0000944 
-0000415
00000527
00000891
00000683 
-0000094
-0000803
-0000866
-0000082 
00000751
00000899
00000467
-0000363 
-0000921
-0000684
00000254
00000858 
00000833
00000234
-0000611
-0000944 
-0000415
00000530
00000891
00000674 
-0000090
-0000803
-0000868
-0000081 
00000749
00000899
00000467
-0000365 
-0000917
-0000684
00000254
00000858 
00000833
00000233
-0000609
-0000944 
-0000415
00000527
00000891
00000674 
-0000094
-0000806
-0000868
-0000082 
00000749
00000899
00000467
-0000363 
-0000919
-0000684
00000252
00000862 
00000828
00000234
-0000609
-0000936 
-0000419
00000527
00000891
00000674 
-0000092
-0000809
-0000870
-0000076 
00000749
00000899
00000467
-0000363 
-0000923
-0000678
00000254
00000856 
00000833
00000234
-0000589
-0000934 
-0000412
00000526
00000890
00000674 
-0000099
-0000816
-0000876
-0000078 
00000749
00000899
00000467
-0000363 
-0000923
-0000678
00000254
00000858 
00000833
00000234
-0000587
-0000932 
-0000412
00000527
00000891
00000674 
-0000097
-0000816
-0000870
-0000076 
00000747
00000899
00000467
-0000363 
-0000921
-0000684
00000254
00000856 
00000832
00000233
-0000609
-0000944 
-0000415
00000527
00000891
00000674 
-0000094
-0000806
-0000868
-0000082 
00000749
00000899
00000462
-0000363 
-0000923
-0000686
00000246
00000857 
00000833
00000231
-0000609
-0000944 
-0000415
00000528
00000897
00000675 
-0000090
-0000803
-0000868
-0000082 
00000746
00000905
00000467
-0000363 
-0000920
-0000684
00000245
00000851 
00000867
00000255
-0000611
-0000944 
-0000415
00000502
00000881
00000666 
-0000090
-0000806
-0000868
-0000082 
