00000758,
00000897,
00000444,
-0000385 ,
-0000922,
-0000666,
00000277,
00000860 ,
00000823,
00000212,
-0000625,
-0000931 ,
-0000387,
00000555,
00000894,
00000656 ,
-0000114,
-0000815,
-0000862,
-0000051 ,
00000757,
00000904,
00000444,
-0000389 ,
-0000924,
-0000667,
00000278,
00000858 ,
00000825,
00000212,
-0000625,
-0000927 ,
-0000387,
00000553,
00000896,
00000656 ,
-0000115,
-0000818,
-0000862,
-0000053 ,
00000755,
00000904,
00000444,
-0000385 ,
-0000921,
-0000666,
00000279,
00000860 ,
00000823,
00000212,
-0000625,
-0000931 ,
-0000387,
00000554,
00000891,
00000656 ,
-0000114,
-0000815,
-0000862,
-0000053 ,
00000761,
00000898,
00000448,
-0000385 ,
-0000924,
-0000666,
00000277,
00000859 ,
00000825,
00000212,
-0000625,
-0000927 ,
-0000382,
00000553,
00000891,
00000656 ,
-0000115,
-0000818,
-0000862,
-0000053 ,
00000755,
00000899,
00000444,
-0000385 ,
-0000921,
-0000666,
00000279,
00000865 ,
00000821,
00000208,
-0000625,
-0000927 ,
-0000387,
00000554,
00000891,
00000656 ,
-0000114,
-0000815,
-0000862,
-0000057 ,
00000757,
00000904,
00000444,
-0000385 ,
-0000924,
-0000666,
00000278,
00000858 ,
00000825,
00000210,
-0000622,
-0000931 ,
-0000387,
00000561,
00000891,
00000652 ,
-0000110,
-0000831,
-0000891,
-0000103 ,
00000757,
00000899,
00000444,
-0000363 ,
-0000916,
-0000660,
00000277,
00000860 ,
00000828,
00000212,
-0000628,
-0000931 ,
-0000387,
00000555,
00000891,
00000656 ,
-0000110,
-0000831,
-0000891,
-0000103 ,
00000753,
00000898,
00000444,
-0000361 ,
-0000916,
-0000654,
00000279,
00000858 ,
00000825,
00000210,
-0000628,
-0000938 ,
-0000387,
00000553,
00000896,
00000656 ,
-0000110,
-0000831,
-0000891,
-0000103 ,
00000756,
00000899,
00000444,
-0000385 ,
-0000921,
-0000666,
00000273,
00000860 ,
00000823,
00000212,
-0000621,
-0000934 ,
-0000387,
00000554,
00000891,
00000656 ,
-0000116,
-0000815,
-0000862,
-0000053 ,
00000757,
00000898,
00000444,
-0000385 ,
-0000924,
-0000666,
00000278,
00000858 ,
00000825,
00000212,
-0000624,
-0000927 ,
-0000387,
00000553,
00000896,
00000656 ,
-0000116,
-0000822,
-0000862,
-0000053 ,
