-0002344
00000239 
00002831
00003228 
00000956
-0001415 
-0003343
-0002524 
00000057
00002823 
00003552
00001276 
-0001236
-0003276 
-0002511
00000006 
00002524
00003608 
00001601
-0000968 
-0003152
-0002787 
-0000353
00002375 
00003615
00001752 
-0000937
-0003152 
-0002782
-0000336 
00002463
00003632 
00001876
-0000650 
-0002979
-0002945 
-0000712
00002056 
00003615
00002047 
-0000502
-0002912 
-0002919
-0000670 
00002008
00003615 
00002135
-0000239 
-0002759
-0003079 
-0000975
00001695 
00003632
00002398 
-0000235
-0002767 
-0003023
-0000963 
00001763
00003615 
00002438
00000041 
-0002494
-0003137 
-0001272
00001507 
00003632
00002625 
00000147
-0002463 
-0003160
-0001296 
00001376
00003644 
00002735
00000439 
-0002215
-0003207 
-0001560
00001187 
00003571
00002911 
00000351
-0002279 
-0003184
-0001553 
00001151
00003612 
00002961
00000647 
-0002024
-0003239 
-0001811
00000863 
00003391
00003047 
00000535
-0001963 
-0003235
-0001868 
00000863
00003335 
00003196
00000857 
-0001724
-0003271 
-0002023
00000576 
00003575
00003184 
00000777
-0001688 
-0003256
-0002031 
00000671
00003087 
00003431
00001196 
-0001495
-0003265 
-0002272
00000321 
00003294
00003399 
00001015
-0001497 
-0003276
-0002290 
