20000200 = 00001967 80002344 80000488 00000239 
20000210 = 80002647 00002831 80002428 00003228 
20000220 = 80000292 00000956 00001879 80001415 
20000230 = 00003296 80003343 00002144 80002524 
20000240 = 80000286 00000057 80002689 00002823 
20000250 = 80002656 00003552 80000584 00001276 
20000260 = 00001751 80001236 00003234 80003276 
20000270 = 00002177 80002511 80000226 00000006 
20000280 = 80002492 00002524 80002732 00003608 
20000290 = 80000847 00001601 00001444 80000968 
200002A0 = 00003135 80003152 00002417 80002787 
200002B0 = 00000111 80000353 80002407 00002375 
200002C0 = 80002847 00003615 80000992 00001752 
200002D0 = 00001420 80000937 00003132 80003152 
200002E0 = 00002412 80002782 00000122 80000336 
200002F0 = 80002481 00002463 80002884 00003632 
20000300 = 80001084 00001876 00001140 80000650 
20000310 = 00003015 80002979 00002576 80002945 
20000320 = 00000439 80000712 80002172 00002056 
20000330 = 80002919 00003615 80001271 00002047 
20000340 = 00001078 80000502 00003023 80002912 
20000350 = 00002588 80002919 00000448 80000670 
20000360 = 80002117 00002008 80002927 00003615 
20000370 = 80001335 00002135 00000775 80000239 
20000380 = 00002895 80002759 00002751 80003079 
20000390 = 00000732 80000975 80001868 00001695 
200003A0 = 80002990 00003632 80001608 00002398 
200003B0 = 00000796 80000235 00002915 80002767 
200003C0 = 00002775 80003023 00000728 80000963 
200003D0 = 80001904 00001763 80002974 00003615 
200003E0 = 80001615 00002438 00000527 00000041 
200003F0 = 00002777 80002494 00002919 80003137 
20000400 = 00000975 80001272 80001649 00001507 
20000410 = 80002982 00003632 80001824 00002625 
20000420 = 00000465 00000147 00002759 80002463 
20000430 = 00002942 80003160 00000999 80001296 
20000440 = 80001532 00001376 80002972 00003644 
20000450 = 80001902 00002735 00000186 00000439 
20000460 = 00002604 80002215 00003068 80003207 
20000470 = 00001292 80001560 80001346 00001187 
20000480 = 80002905 00003571 80002108 00002911 
20000490 = 00000228 00000351 00002622 80002279 
200004A0 = 00003038 80003184 00001267 80001553 
200004B0 = 80001299 00001151 80002940 00003612 
200004C0 = 80002105 00002961 00000000 00000647 
200004D0 = 00002479 80002024 00003134 80003239 
200004E0 = 00001475 80001811 80001023 00000863 
200004F0 = 80002876 00003391 80002178 00003047 
20000500 = 00000117 00000535 00002428 80001963 
20000510 = 00003132 80003235 00001519 80001868 
20000520 = 80001019 00000863 80002820 00003335 
20000530 = 80002336 00003196 80000144 00000857 
20000540 = 00002216 80001724 00003184 80003271 
20000550 = 00001735 80002023 80000771 00000576 
20000560 = 80002959 00003575 80002284 00003184 
20000570 = 80000069 00000777 00002212 80001688 
20000580 = 00003200 80003256 00001680 80002031 
20000590 = 80000847 00000671 80002756 00003087 
200005A0 = 80002471 00003431 80000456 00001196 
200005B0 = 00002008 80001495 00003232 80003265 
200005C0 = 00001943 80002272 80000520 00000321 
200005D0 = 80002845 00003294 80002463 00003399 
200005E0 = 80000303 00001015 00001960 80001497 
200005F0 = 00003207 80003276 00001928 80002290 
