-0000186
-0000288 
-0000350
-0000366 
-0000390
-0000388 
-0000387
-0000383 
-0000376
-0000373 
-0000348
-0000333 
-0000285
-0000227 
-0000195
-0000139 
-0000112
-0000076 
-0000048
-0000017 
0000031
00000051 
00000092
00000104 
00000143
00000153 
00000193
00000208 
00000250
00000255 
00000287
00000293 
00000311
00000330 
00000346
00000353 
00000368
00000366 
00000382
00000383 
00000388
00000378 
00000377
00000375 
00000368
00000373 
00000353
00000366 
00000337
00000340 
00000325
00000326 
00000315
00000305 
00000275
00000252 
00000204
00000173 
00000117
00000086 
00000041
00000019 
-0000022
-0000036 
-0000078
-0000109 
-0000153
-0000191 
-0000233
-0000252 
-0000289
-0000299 
-0000329
-0000338 
-0000363
-0000373 
-0000394
-0000411 
-0000420
-0000420 
-0000436
-0000430 
-0000441
-0000436 
-0000434
-0000426 
-0000428
-0000417 
-0000412
-0000412 
-0000395
-0000395 
-0000380
-0000380 
-0000375
-0000364 
-0000335
-0000325 
-0000281
-0000244 
-0000186
-0000145 
-0000098
-0000075 
-0000033
-0000014 
0000028
00000068 
00000121
00000151 
00000191
00000200 
00000228
00000234 
00000263
00000268 
00000303
00000303 
00000315
00000340 
00000348
00000368 
00000375
00000384 
00000383
00000393 
00000387
00000395 
