00000021
00000184 
00000393
00000583 
00000794
00001017 
00001237
00001448 
00001667
00001892 
00002107
00002305 
00002482
00002645 
00002758
00002850 
00002887
00002957 
00002985
00003015 
00003023
00003014 
00002954
00002896 
00002788
00002675 
00002559
00002425 
00002272
00002111 
00001960
00001768 
00001574
00001395 
00001191
00000991 
00000773
00000559 
00000340
00000046 
-0000281
-0000470 
-0000712
-0000893 
-0001111
-0001302 
-0001525
-0001736 
-0001960
-0002152 
-0002373
-0002578 
-0002779
-0002996 
-0003196
-0003347 
-0003455
-0003599 
-0003667
-0003759 
-0003798
-0003815 
-0003860
-0003873 
-0003831
-0003784 
-0003680
-0003576 
-0003440
-0003324 
-0003200
-0003013 
-0002828
-0002647 
-0002481
-0002288 
-0002082
-0001852 
-0001657
-0001423 
-0001213
-0000969 
-0000734
0000488 
-0000244
00000190 
00000443
00000655 
00000893
00001103 
00001329
00001536 
00001749
00001956 
00002218
00002414 
00002649
00002750 
00002891
00002926 
00003011
00003021 
00003085
00003083 
00003120
00003104 
00003138
00003131 
00003129
00003097 
00003080
00003010 
00002950
00002809 
00002692
00002514 
00002345
00002156 
00001982
00001782 
00001545
00001343 
00001112
00000904 
00000658
00000436 
00000164
-0000205 
