00000540,
00000125,
-0000279,
-0000711 ,
-0001107,
-0001478,
-0001819,
-0002139 ,
-0002410,
-0002607,
-0002752,
-0002838 ,
-0002850,
-0002794,
-0002662,
-0002459 ,
-0002190,
-0001865,
-0001499,
-0001087 ,
-0000642,
-0000177,
00000301,
00000753 ,
00001192,
00001591,
00001957,
00002275 ,
00002519,
00002691,
00002807,
00002826 ,
00002799,
00002696,
00002530,
00002290 ,
00002016,
00001695,
00001335,
00000945 ,
00000546,
00000127,
-0000289,
-0000706 ,
-0001106,
-0001478,
-0001818,
-0002138 ,
-0002402,
-0002614,
-0002753,
-0002833 ,
-0002850,
-0002794,
-0002662,
-0002460 ,
-0002184,
-0001873,
-0001495,
-0001087 ,
-0000642,
-0000177,
00000294,
00000757 ,
00001193,
00001592,
00001958,
00002275 ,
00002523,
00002689,
00002793,
00002832 ,
00002800,
00002698,
00002530,
00002289 ,
00002020,
00001690,
00001335,
00000952 ,
00000546,
00000127,
-0000288,
-0000707 ,
-0001106,
-0001478,
-0001817,
-0002139 ,
-0002416,
-0002610,
-0002752,
-0002834 ,
-0002850,
-0002793,
-0002658,
-0002464 ,
-0002193,
-0001869,
-0001494,
-0001087 ,
-0000642,
-0000177,
00000298,
00000758 ,
00001193,
00001592,
00001958,
00002285 ,
00002514,
00002690,
00002797,
00002832 ,
00002801,
00002697,
00002530,
00002295 ,
00002011,
00001695,
00001335,
00000952 ,
00000546,
00000126,
-0000287,
-0000707 ,
-0001106,
-0001471,
-0001824,
-0002139 ,
-0002410,
-0002609,
-0002752,
-0002834 ,
-0002849,
-0002786,
-0002666,
-0002462 ,
-0002190,
-0001865,
-0001495,
-0001087 ,
-0000640,
-0000178,
00000298,
00000757 ,
00001194,
00001594,
00001957,
00002271 ,
00002519,
00002691,
00002796,
00002832 ,
00002801,
00002700,
00002525,
00002289 ,
00002015,
00001695,
00001335,
00000952 ,
00000546,
00000137,
-0000287,
-0000704 ,
-0001105,
-0001482,
-0001819,
-0002139 ,
-0002411,
-0002610,
-0002752,
-0002831 ,
-0002853,
-0002795,
-0002663,
-0002460 ,
-0002189,
-0001869,
-0001495,
-0001078 ,
-0000647,
-0000178,
00000298,
00000758 ,
00001202,
00001586,
00001957,
00002276 ,
00002519,
00002691,
00002796,
00002833 ,
00002806,
00002691,
00002530,
00002290 ,
00002015,
00001695,
00001335,
00000956 ,
00000544,
00000123,
-0000281,
-0000711 ,
-0001107,
-0001477,
-0001819,
-0002138 ,
-0002410,
-0002609,
-0002745,
-0002838 ,
-0002848,
-0002794,
-0002662,
-0002461 ,
-0002190,
-0001865,
-0001495,
-0001092 ,
-0000642,
-0000177,
00000301,
00000759 ,
00001190,
00001592,
00001958,
00002276 ,
00002519,
00002691,
00002800,
00002826 ,
00002799,
00002696,
00002529,
00002290 ,
00002015,
00001695,
00001349,
00000945 ,
00000545,
00000127,
-0000293,
-0000708 ,
-0001103,
-0001475,
-0001827,
-0002137 ,
-0002405,
-0002614,
-0002760,
-0002830 ,
-0002852,
-0002797,
-0002669,
-0002456 ,
-0002178,
-0001877,
-0001490,
-0001085 ,
-0000634,
-0000178,
00000293,
00000757 ,
00001194,
00001591,
00001957,
00002276 ,
00002519,
00002698,
00002792,
00002831 ,
00002799,
00002696,
00002530,
00002291 ,
00002019,
00001693,
00001333,
00000952 ,
00000546,
00000127,
-0000287,
-0000707 ,
-0001106,
-0001477,
-0001817,
-0002143 ,
-0002411,
-0002610,
-0002753,
-0002834 ,
-0002848,
-0002794,
-0002654,
-0002465 ,
-0002192,
-0001869,
-0001495,
-0001087 ,
-0000642,
-0000175,
00000303,
00000756 ,
00001196,
00001591,
00001957,
00002271 ,
00002515,
00002693,
00002800,
00002827 ,
00002798,
00002704,
00002523,
00002307 ,
00002003,
00001695,
00001335,
00000953 ,
00000547,
00000124,
-0000287,
-0000707 ,
-0001107,
-0001470,
-0001824,
-0002139 ,
-0002411,
-0002611,
-0002752,
-0002834 ,
-0002846,
-0002794,
-0002666,
-0002460 ,
-0002190,
-0001865,
-0001494,
-0001087 ,
-0000640,
-0000182,
00000297,
00000758 ,
00001194,
00001595,
00001953,
00002275 ,
00002520,
00002690,
00002798,
00002832 ,
00002800,
00002706,
00002525,
00002288 ,
00002016,
00001695,
00001335,
00000952 ,
00000548,
00000130,
-0000287,
-0000702 ,
-0001110,
-0001480,
-0001818,
-0002138 ,
-0002410,
-0002610,
-0002751,
-0002826 ,
-0002854,
-0002794,
-0002662,
-0002460 ,
-0002191,
-0001869,
-0001494,
-0001082 ,
-0000647,
-0000177,
00000298,
00000758 ,
00001201,
00001587,
00001958,
00002275 ,
00002520,
00002690,
00002798,
00002836 ,
00002799,
00002692,
00002530,
00002290 ,
00002015,
00001694,
00001335,
00000956, 
