-0000080
00000166 
00000414
00000640 
00000863
00001088 
00001296
00001502 
00001617
00001640 
00001607
00001507 
00001342
00001120 
00000878
00000612 
00000358
00000116 
-0000150
-0000385 
-0000615
-0000831 
-0001068
-0001244 
-0001343
-0001343 
-0001300
-0001231 
-0001068
-0000824 
-0000579
-0000328 
-0000064
00000181 
00000434
00000656 
00000851
00001049 
00001247
00001443 
00001569
00001592 
00001560
00001472 
00001308
00001080 
00000865
00000627 
00000378
00000111 
-0000135
-0000377 
-0000600
-0000838 
-0001064
-0001256 
-0001361
-0001380 
-0001347
-0001250 
-0001105
-0000874 
-0000627
-0000361 
-0000111
00000148 
00000398
00000631 
00000864
00001080 
00001295
00001496 
00001567
00001576 
00001536
00001409 
00001208
00001008 
00000782
00000528 
00000268
00000006 
-0000246
-0000473 
-0000714
-0000927 
-0001148
-0001311 
-0001400
-0001375 
-0001319
-0001217 
-0001031
-0000777 
-0000525
-0000259 
00000000
00000241 
00000494
00000707 
00000945
00001179 
00001395
00001548 
00001584
00001560 
00001471
00001313 
00001103
00000887 
00000641
00000398 
00000130
-0000140 
-0000369
-0000608 
-0000835
-0001055 
-0001256
-0001377 
-0001406
-0001360 
-0001283
-0001123 
-0000902
-0000627 
-0000369
-0000104 
