// output of ./demo/fft/walsh-eigenvec-demo.cc:
// Description:
//% Eigenvectors of the Walsh transform (Walsh-Kronecker basis).

arg 1: 4 == ldn  [Length 2**ldn Walsh transform.]  default=4
arg 2: 0 == tq  [Whether to print transformed vectors.]  default=0
 0:  [ +5 +1 +1 +1 +1 +1 +1 +1 +1 +1 +1 +1 +1 +1 +1 +1 ]

 1:  [ +1 +3 +1 -1 +1 -1 +1 -1 +1 -1 +1 -1 +1 -1 +1 -1 ]

 2:  [ +1 +1 +3 -1 +1 +1 -1 -1 +1 +1 -1 -1 +1 +1 -1 -1 ]

 3:  [ +1 -1 -1 +5 +1 -1 -1 +1 +1 -1 -1 +1 +1 -1 -1 +1 ]

 4:  [ +1 +1 +1 +1 +3 -1 -1 -1 +1 +1 +1 +1 -1 -1 -1 -1 ]

 5:  [ +1 -1 +1 -1 -1 +5 -1 +1 +1 -1 +1 -1 -1 +1 -1 +1 ]

 6:  [ +1 +1 -1 -1 -1 -1 +5 +1 +1 +1 -1 -1 -1 -1 +1 +1 ]

 7:  [ +1 -1 -1 +1 -1 +1 +1 +3 +1 -1 -1 +1 -1 +1 +1 -1 ]

 8:  [ +1 +1 +1 +1 +1 +1 +1 +1 -5 -1 -1 -1 -1 -1 -1 -1 ]

 9:  [ +1 -1 +1 -1 +1 -1 +1 -1 -1 -3 -1 +1 -1 +1 -1 +1 ]

10:  [ +1 +1 -1 -1 +1 +1 -1 -1 -1 -1 -3 +1 -1 -1 +1 +1 ]

11:  [ +1 -1 -1 +1 +1 -1 -1 +1 -1 +1 +1 -5 -1 +1 +1 -1 ]

12:  [ +1 +1 +1 +1 -1 -1 -1 -1 -1 -1 -1 -1 -3 +1 +1 +1 ]

13:  [ +1 -1 +1 -1 -1 +1 -1 +1 -1 +1 -1 +1 +1 -5 +1 -1 ]

14:  [ +1 +1 -1 -1 -1 -1 +1 +1 -1 -1 +1 +1 +1 +1 -5 -1 ]

15:  [ +1 -1 -1 +1 -1 +1 +1 -1 -1 +1 +1 -1 +1 -1 -1 -3 ]

