a = [ 02011   02008   02001   02004   01999   02009   02005   02007
 02002   02002   02001   02001   02003   02005   02000   02003
 01993   02000   01991   01995   01993   01988   01990   01980
 01990   01987   01993   01990   01988   01985   01976   01978
 01974   01980   01975   01976   01972   01971   01971   01973
 01979   01973   01977   01969   01970   01963   01966   01966
 01959   01966   01951   01961   01954   01959   01960   01957
 01961   01949   01957   01948   01953   01950   01949   01947
 01938   01945   01941   01948   01947   01947   01945   01939
 01940   01941   01944   01936   01938   01932   01934   01930
 01933   01937   01933   01930   01929   01920   01929   01921
 01929   01924   01922   01925   01914   01923   01918   01924
 01920   01919   01916   01911   01916   01915   01920   01918
 01913   01911   01912   01906   01908   01910   01905   01904
 01902   01908   01904   01909   01910   01904   01904   01891
 01900   01893   01900   01903   01898   01901   01896   01903
 01892   01900   01896   01890   01890   01880   01891   01884
 01893   01893   01886   01886   01877   01882   01882   01891
 01888   01884   01879   01874   01878   01874   01882   01882
 01882   01878   01875   01882   01870   01875   01877   01872
 01875   01867   01874   01866   01879   01880   01873   01872
 01856   01867   01857   01871   01871   01866   01864   01854
 01862   01856   01871   01873   01868   01863   01856   01859
 01856   01867   01868   01863   01859   01858   01856   01855
 01862   01863   01860   01855   01859   01850   01857   01862
 01860   01860   01854   01860   01845   01854   01858   01857
 01858   01841   01858   01842   01858   01857   01856   01857
 01839   01856   01836   01855   01854   01851   01847   01833
 01844   01835   01840   01858   01858   01857   01849   01849
 01841   01842   01855   01862   01852   01843   01849   01838
 01844   01853   01852   01856   01832   01854   01835   01847
 01854   01851   01853   01838   01849   01832   01851   01851
 01850   01852   01836   01849   01835   01853   01858   01852
 01843   01835   01846   01834   01852   01854   01853   01850
 01843   01839   01845   01858   01856   01858   01852   01851
 01835   01841   01855   01851   01856   01848   01858   01836
 01851   01860   01859   01840   01843   01859   01835   01852
 01857   01854   01856   01860   01838   01850   01837   01861
 01860   01861   01860   01849   01846   01844   01864   01865
 01868   01861   01859   01841   01848   01864   01860   01869
 01843   01868   01843   01857   01870   01864   01873   01848
 01865   01847   01866   01878   01875   01882   01858   01862
 01854   01873   01881   01877   01884   01877   01861   01865
 01883   01885   01892   01888   01889   01864   01874   01888
 01888   01894   01883   01891   01866   01880   01892   01891
 01901   01881   01893   01877   01894   01898   01897   01903
 01904   01895   01885   01886   01904   01903   01908   01904
 01905   01883   01894   01910   01910   01916   01893   01911
 01885   01898   01911   01912   01919   01897   01913   01894
 01910   01914   01915   01922   01901   01909   01898   01917
 01917   01920   01923   01911   01905   01906   01926   01925
 01928   01927   01926   01907   01915   01931   01928   01933
 01911   01934   01910   01922   01933   01931   01937   01920
 01935   01914   01933   01939   01936   01942   01919   01930
 01919   01939   01940   01943   01951   01947   01946   01927
 01934   01947   01946   01952   01933   01953   01933   01948
 01958   01957   01960   01939   01954   01938   01959   01961
 01964   01965   01948   01957   01944   01971   01967   01971
 01975   01959   01963   01957   01978   01978   01974   01981
 01972   01963   01976   01979   01991   01985   01965   01998
 01958   01989   01992   01981   02001   01965   01991   01981
 01985   02006   01999   01995   01992   01988   01983   02011
 01998   02006   02011   01989   01997   01997   02002   02016
 02011   01998   01994   01996   02003   02005   02026   02022
 02015   02008   02019   01997   02030   02028   02018   02033
 02009   02011   02017   02029   02030   02037   02029   02029
 02026   02027   02040   02047   02043   02035   02050   02022
 02037   02051   02044   02048   02035   02049   02033   02055
 02058   02054   02058   02042   02051   02046   02059   02062
 02064   02060   02056   02055   02054   02068   02071   02070
 02062   02049   02055   02065   02077   02078   02078   02068
 02077   02061   02077   02080   02079   02078   02064   02077
 02069   02086   02085   02084   02087   02084   02088   02078
 02087   02097   02098   02093   02081   02095   02080   02093
 02099   02101   02102   02090   02106   02093   02108   02109
 02107   02105   02093   02100   02097   02112   02113   02114
 02109   02107   02104   02107   02117   02117   02119   02115
 02121   02106   02117   02122   02121   02122   02113   02124
 02112   02127   02128   02125   02125   02112   02123   02118
 02132   02134   02132   02127   02124   02126   02127   02138
 02137   02137   02134   02131   02125   02135   02142   02142
 02144   02131   02128   02143   02134   02146   02147   02142
 02142   02128   02136   02136   02148   02150   02150   02148
 02144   02145   02145   02153   02149   02147   02142   02149
 02143   02155   02162   02159   02163   02147   02163   02150
 02160   02162   02157   02155   02145   02158   02151   02162
 02163   02160   02159   02152   02158   02156   02167   02166
 02165   02162   02162   02158   02161   02167   02164   02168
 02164   02168   02160   02168   02175   02167   02166   02160
 02167   02160   02171   02174   02170   02170   02161   02171
 02165   02174   02173   02172   02173   02167   02169   02164
 02169   02176   02170   02175   02168   02174   02165   02172
 02178   02171   02174   02167   02174   02165   02174   02174
 02173   02172   02164   02171   02168   02176   02172   02173
 02168   02160   02165   02167   02175   02174   02177   02173
 02174   02169   02173   02176   02170   02173   02165   02174
 02166   02173   02178   02172   02173   02164   02172   02165
 02174   02174   02172   02171   02161   02170   02166   02171
 02172   02171   02174   02160   02163   02165   02173   02170
 02172   02169   02157   02170   02160   02164   02166   02164
 02165   02157   02170   02163   02170   02169   02163   02161
 02151   02158   02157   02164   02161   02162   02160   02157
 02158   02158   02166   02161   02157   02154   02156   02148
 02151   02155   02149   02152   02139   02155   02148   02131
 02154   02150   02150   02138   02148   02146   02149   02145
 02143   02141   02133   02141   02137   02145   02144   02138
 02133   02128   02128   02132   02140   02133   02135   02132
 02133   02128   02131   02133   02125   02125   02113   02127
 02130   02122   02128   02123   02122   02120   02110   02119
 02117   02124   02120   02119   02116   02112   02111   02112
 02119   02112   02115   02107   02109   02104   02109   02115
 02111   02113   02099   02111   02103   02107   02106   02104
 02105   02095   02106   02098   02106   02101   02100   02098
 02088   02094   02096   02098   02097   02099   02096   02091
 02091   02091   02097   02094   02097   02089   02092   02084
 02089   02094   02090   02094   02083   02090   02081   02088
 02086   02082   02084   02075   02076   02083   02078   02086
 02082   02081   02078   02072   02068   02071   02076   02070
 02070   02066   02065   02060   02062   02065   02060   02061
 02060   02065   02056   02059   02057   02053   02054   02047
 02055   02047   02053   02052   02052   02051   02040   02046
 02040   02049   02046   02042   02038   02030   02035   02031
 02040   02036   02037   02033   02031   02027   02029   02033
 02028   02029   02021   02024   02019   02023   02026   02023
 02026   02014   02025   02019   02020   02017   02013   02012]

b = reshape(a',1,1000)
b = b-2048
c = 0:999
plot (c,b)

