 00000089
 00000034 
 -0000008
 -0000062 
 -0000116
 -0000171 
 -0000227
 -0000281 
 -0000338
 -0000386 
 -0000457
 -0000502 
 -0000550
 -0000603 
 -0000648
 -0000680 
 -0000708
 -0000733 
 -0000752
 -0000765 
 -0000778
 -0000779 
 -0000782
 -0000780 
 -0000770
 -0000754 
 -0000730
 -0000705 
 -0000669
 -0000630 
 -0000588
 -0000545 
 -0000501
 -0000458 
 -0000412
 -0000349 
 -0000305
 -0000246 
 -0000201
 -0000142 
 -0000083
 -0000040 
 00000012
 00000065 
 00000126
 00000179 
 00000228
 00000300 
 00000351
 00000397 
 00000444
 00000503 
 00000547
 00000589 
 00000634
 00000650 
 00000681
 00000702 
 00000717
 00000724 
 00000727
 00000728 
 00000725
 00000718 
 00000699
 00000676 
 00000650
 00000621 
 00000590
 00000545 
 00000499
 00000454 
 00000406
 00000360 
 00000306
 00000250 
 00000197
 00000142 
 00000090
 00000036 
 -0000013
 -0000070 
 -0000122
 -0000185 
 -0000234
 -0000289 
 -0000344
 -0000399 
 -0000458
 -0000515 
 -0000565
 -0000608 
 -0000643
 -0000674 
 -0000705
 -0000728 
 -0000743
 -0000751 
 -0000758
 -0000761 
 -0000760
 -0000754 
 -0000738
 -0000716 
 -0000694
 -0000661 
 -0000619
 -0000584 
 -0000542
 -0000500 
 -0000453
 -0000401 
 -0000347
 -0000295 
 -0000251
 -0000196 
 -0000130
 -0000075 
 -0000027
 00000009 
 00000071
 00000133 
 00000179
 00000226 
 00000289
 00000346 
 00000406
 00000455 
