-0000008
00000020 
00000058
00000094 
00000131
00000172 
00000208
00000248 
00000285
00000319 
00000365
00000398 
00000430
00000468 
00000491
00000511 
00000526
00000539 
00000548
00000551 
00000555
00000556 
00000554
00000547 
00000536
00000521 
00000498
00000477 
00000450
00000419 
00000384
00000352 
00000319
00000287 
00000256
00000210 
00000178
00000142 
00000107
00000066 
00000022
-0000008 
-0000044
-0000082 
-0000131
-0000172 
-0000205
-0000246 
-0000285
-0000321 
-0000348
-0000391 
-0000417
-0000441 
-0000460
-0000467 
-0000483
-0000491 
-0000496
-0000497 
-0000498
-0000493 
-0000488
-0000474 
-0000459
-0000437 
-0000413
-0000389 
-0000364
-0000336 
-0000304
-0000270 
-0000231
-0000200 
-0000160
-0000122 
-0000083
-0000045 
-0000005
00000019 
00000060
00000098 
00000136
00000183 
00000217
00000252 
00000291
00000332 
00000370
00000408 
00000439
00000465 
00000485
00000504 
00000520
00000531 
00000538
00000542 
00000542
00000540 
00000537
00000527 
00000512
00000490 
00000469
00000444 
00000410
00000383 
00000352
00000324 
00000284
00000247 
00000211
00000173 
00000140
00000101 
00000054
00000020 
-0000015
-0000045 
-0000094
-0000129 
-0000171
-0000203 
-0000244
-0000286 
-0000326
-0000353 
