#
# Complete list of non-primitive irreducible polynomials over GF(2)
# up to degree 12
# Such polynomials exist only for degrees d where 2^d-1 is composite.
#.
# Generated by Joerg Arndt, 2003-October-11
#

4,3,2,1,0

6,3,0
6,4,2,1,0
6,5,4,2,0

8,4,3,1,0
8,5,4,3,0
8,5,4,3,2,1,0
8,6,5,4,2,1,0
8,6,5,4,3,1,0
8,7,3,1,0
8,7,4,3,2,1,0
8,7,5,1,0
8,7,5,4,0
8,7,5,4,3,2,0
8,7,6,4,2,1,0
8,7,6,4,3,2,0
8,7,6,5,4,1,0
8,7,6,5,4,3,0

9,1,0
9,4,2,1,0
9,6,3,1,0
9,6,5,2,0
9,7,4,3,0
9,8,0
9,8,6,3,0
9,8,7,5,0

10,3,2,1,0
10,4,3,2,0
10,5,4,2,0
10,6,2,1,0
10,6,4,1,0
10,6,5,1,0
10,7,4,3,0
10,7,5,3,0
10,7,5,3,2,1,0
10,7,6,3,0
10,7,6,5,3,2,0
10,8,3,1,0
10,8,4,3,2,1,0
10,8,6,5,0
10,8,6,5,2,1,0
10,8,7,4,3,1,0
10,8,7,5,3,1,0
10,8,7,5,4,3,0
10,8,7,6,0
10,9,5,1,0
10,9,5,4,0
10,9,6,4,0
10,9,7,2,0
10,9,7,5,2,1,0
10,9,7,5,3,2,0
10,9,7,5,4,3,2,1,0
10,9,7,6,3,2,0
10,9,7,6,5,4,2,1,0
10,9,8,3,2,1,0
10,9,8,4,0
10,9,8,5,3,1,0
10,9,8,5,4,2,0
10,9,8,6,5,4,3,1,0
10,9,8,7,0
10,9,8,7,2,1,0
10,9,8,7,5,3,0
10,9,8,7,6,2,0
10,9,8,7,6,5,3,1,0
10,9,8,7,6,5,4,3,2,1,0

11,7,6,1,0
11,8,5,4,2,1,0
11,8,7,6,5,3,2,1,0
11,9,7,6,5,1,0
11,10,5,4,0
11,10,6,5,4,2,0
11,10,8,7,6,5,4,3,2,1,0
11,10,9,7,6,3,0
11,10,9,8,6,5,4,3,0
11,10,9,8,7,6,5,4,3,1,0

12,3,0
12,4,2,1,0
12,5,0
12,5,4,1,0
12,5,4,2,0
12,5,4,3,2,1,0
12,6,3,2,0
12,6,5,4,2,1,0
12,7,0
12,7,3,1,0
12,7,5,1,0
12,7,5,2,0
12,7,6,3,2,1,0
12,7,6,5,3,2,0
12,7,6,5,4,3,2,1,0
12,8,5,4,0
12,8,5,4,2,1,0
12,8,6,5,3,2,0
12,8,6,5,4,3,0
12,8,7,1,0
12,8,7,4,0
12,8,7,5,3,1,0
12,8,7,6,5,1,0
12,8,7,6,5,3,2,1,0
12,8,7,6,5,4,0
12,9,0
12,9,4,1,0
12,9,4,3,0
12,9,5,2,0
12,9,5,4,3,1,0
12,9,6,1,0
12,9,6,2,0
12,9,6,5,3,2,0
12,9,7,5,4,2,0
12,9,8,3,0
12,9,8,4,3,1,0
12,9,8,5,4,1,0
12,9,8,6,5,2,0
12,9,8,7,4,3,2,1,0
12,9,8,7,5,3,2,1,0
12,9,8,7,5,4,3,1,0
12,9,8,7,6,1,0
12,9,8,7,6,4,0
12,9,8,7,6,4,2,1,0
12,9,8,7,6,4,3,2,0
12,9,8,7,6,5,4,1,0
12,9,8,7,6,5,4,2,0
12,10,4,1,0
12,10,6,3,0
12,10,6,4,3,1,0
12,10,6,5,3,1,0
12,10,6,5,4,3,2,1,0
12,10,7,3,0
12,10,7,5,0
12,10,7,5,4,2,0
12,10,7,6,3,2,0
12,10,7,6,4,3,0
12,10,7,6,4,3,2,1,0
12,10,7,6,5,2,0
12,10,8,6,3,1,0
12,10,8,7,0
12,10,8,7,5,2,0
12,10,8,7,5,3,0
12,10,8,7,5,4,3,1,0
12,10,8,7,6,5,4,3,0
12,10,9,1,0
12,10,9,4,3,1,0
12,10,9,5,4,3,2,1,0
12,10,9,6,0
12,10,9,6,3,1,0
12,10,9,6,5,1,0
12,10,9,6,5,2,0
12,10,9,6,5,3,2,1,0
12,10,9,7,4,1,0
12,10,9,7,6,1,0
12,10,9,7,6,3,0
12,10,9,7,6,4,0
12,10,9,7,6,5,0
12,10,9,7,6,5,2,1,0
12,10,9,7,6,5,4,1,0
12,10,9,7,6,5,4,3,2,1,0
12,10,9,8,3,1,0
12,10,9,8,5,4,3,2,0
12,10,9,8,6,3,2,1,0
12,10,9,8,6,4,2,1,0
12,10,9,8,6,4,3,2,0
12,10,9,8,6,5,4,1,0
12,10,9,8,6,5,4,3,0
12,10,9,8,7,3,2,1,0
12,10,9,8,7,4,2,1,0
12,10,9,8,7,4,3,2,0
12,10,9,8,7,6,4,3,2,1,0
12,10,9,8,7,6,5,4,3,1,0
12,11,2,1,0
12,11,3,2,0
12,11,4,3,2,1,0
12,11,5,1,0
12,11,5,4,0
12,11,5,4,2,1,0
12,11,6,3,0
12,11,6,5,3,2,0
12,11,6,5,4,3,0
12,11,6,5,4,3,2,1,0
12,11,7,1,0
12,11,7,5,0
12,11,7,6,3,1,0
12,11,7,6,3,2,0
12,11,7,6,5,4,0
12,11,7,6,5,4,3,1,0
12,11,8,2,0
12,11,8,3,0
12,11,8,5,3,2,0
12,11,8,6,3,1,0
12,11,8,6,4,3,2,1,0
12,11,8,6,5,3,2,1,0
12,11,8,7,0
12,11,8,7,4,3,0
12,11,8,7,5,4,2,1,0
12,11,8,7,6,4,3,2,0
12,11,8,7,6,5,3,2,0
12,11,8,7,6,5,4,3,0
12,11,9,4,3,2,0
12,11,9,5,0
12,11,9,6,3,2,0
12,11,9,6,4,1,0
12,11,9,6,4,2,0
12,11,9,6,4,3,2,1,0
12,11,9,6,5,1,0
12,11,9,6,5,4,3,1,0
12,11,9,7,5,4,0
12,11,9,7,6,2,0
12,11,9,7,6,5,2,1,0
12,11,9,7,6,5,3,1,0
12,11,9,8,3,2,0
12,11,9,8,4,3,0
12,11,9,8,5,3,2,1,0
12,11,9,8,6,2,0
12,11,9,8,7,3,0
12,11,9,8,7,3,2,1,0
12,11,9,8,7,5,4,2,0
12,11,9,8,7,5,4,3,0
12,11,9,8,7,6,3,1,0
12,11,9,8,7,6,5,1,0
12,11,9,8,7,6,5,4,3,2,0
12,11,10,1,0
12,11,10,3,2,1,0
12,11,10,6,4,3,2,1,0
12,11,10,7,5,4,2,1,0
12,11,10,7,6,4,2,1,0
12,11,10,7,6,5,3,1,0
12,11,10,7,6,5,3,2,0
12,11,10,8,0
12,11,10,8,5,3,2,1,0
12,11,10,8,5,4,3,2,0
12,11,10,8,6,4,3,2,0
12,11,10,8,6,5,2,1,0
12,11,10,8,6,5,4,3,0
12,11,10,8,7,1,0
12,11,10,8,7,4,0
12,11,10,8,7,5,2,1,0
12,11,10,8,7,5,4,1,0
12,11,10,8,7,6,0
12,11,10,8,7,6,5,3,2,1,0
12,11,10,9,2,1,0
12,11,10,9,5,4,3,1,0
12,11,10,9,5,4,3,2,0
12,11,10,9,6,4,3,2,0
12,11,10,9,6,5,0
12,11,10,9,7,4,2,1,0
12,11,10,9,7,4,3,1,0
12,11,10,9,7,5,4,3,0
12,11,10,9,7,5,4,3,2,1,0
12,11,10,9,7,6,3,2,0
12,11,10,9,7,6,4,1,0
12,11,10,9,7,6,5,4,0
12,11,10,9,7,6,5,4,2,1,0
12,11,10,9,8,1,0
12,11,10,9,8,5,4,3,0
12,11,10,9,8,6,2,1,0
12,11,10,9,8,6,3,1,0
12,11,10,9,8,6,4,1,0
12,11,10,9,8,6,5,2,0
12,11,10,9,8,6,5,4,3,2,0
12,11,10,9,8,7,0
12,11,10,9,8,7,3,2,0
12,11,10,9,8,7,5,3,2,1,0
12,11,10,9,8,7,6,1,0
12,11,10,9,8,7,6,2,0
12,11,10,9,8,7,6,5,0
12,11,10,9,8,7,6,5,3,2,0
12,11,10,9,8,7,6,5,4,3,2,1,0
