#
# Table of weight-9 binary primitive polynomials
# with (roughly) equally spaced coefficients.
#
# The data was taken from:
#   Janusz Rajski, Jerzy Tyszer:
#   "Primitive Polynomials Over GF(2) of Degree up to 660
#   with Uniformly Distributed Coefficients",
#   Journal of Electronic Testing: Theory and Applications,
#   vol.19, pp.645-657, 2003.
#.


9 8 6 5 4 3 2 1 0
10 9 7 6 4 3 2 1 0
11 9 7 6 4 3 2 1 0
12 10 8 7 6 4 2 1 0
13 11 9 7 6 4 2 1 0
14 12 10 9 7 5 3 1 0
15 13 11 9 7 5 3 2 0
16 15 13 10 8 6 4 2 0
17 14 12 10 8 6 4 2 0
18 16 13 11 9 6 4 2 0
19 16 13 10 8 6 4 2 0
20 17 15 12 9 7 4 2 0
21 18 15 12 10 7 5 2 0
22 19 17 14 11 8 5 2 0
23 19 15 12 10 6 4 2 0
24 20 17 15 12 9 6 3 0
25 22 18 15 12 9 6 3 0
26 23 20 16 13 9 6 3 0
27 23 20 16 12 9 6 3 0
28 26 22 18 14 10 6 3 0
29 25 21 17 14 10 6 3 0
30 27 22 18 13 9 6 3 0
31 27 23 19 15 11 7 3 0
32 28 23 20 17 12 8 4 0
33 29 24 20 16 12 8 4 0
34 30 26 21 16 12 8 4 0
35 31 26 22 17 12 8 4 0
36 31 27 22 17 13 8 4 0
37 32 27 23 18 13 9 5 0
38 33 28 23 18 14 9 4 0
39 34 29 24 19 14 9 5 0
40 36 30 26 20 15 10 5 0
41 36 31 26 20 15 10 5 0
42 36 31 26 21 16 11 5 0
43 37 31 25 20 15 10 5 0
44 38 32 27 23 17 11 5 0
45 39 33 27 22 16 11 5 0
46 40 34 28 23 17 11 5 0
47 41 35 29 23 17 11 5 0
48 43 36 30 25 19 12 6 0
49 43 37 31 24 18 12 6 0
50 44 37 30 25 18 12 6 0
51 44 37 31 25 19 12 6 0
52 45 38 31 24 18 12 6 0
53 46 40 33 26 19 13 7 0
54 47 40 33 26 19 13 6 0
55 47 39 31 24 18 12 6 0
56 50 43 35 28 21 14 7 0
57 51 44 36 28 21 14 7 0
58 51 43 35 27 21 14 7 0
59 52 44 36 29 22 14 7 0
60 52 45 37 29 22 15 8 0
61 53 45 38 30 23 15 7 0
62 54 46 38 30 23 15 7 0
63 54 46 38 30 21 14 7 0
64 56 49 40 31 24 16 8 0
65 58 49 41 32 24 16 8 0
66 59 52 43 34 25 16 8 0
67 58 50 41 33 25 17 8 0
68 59 51 42 34 25 17 8 0
69 61 52 43 34 25 16 8 0
70 61 52 43 35 26 17 9 0
71 62 53 44 35 27 18 9 0
72 64 55 45 37 27 18 9 0
73 63 53 44 36 27 18 9 0
74 66 57 47 37 27 18 9 0
75 65 55 46 37 28 18 9 0
76 68 58 48 38 28 18 9 0
77 67 57 48 38 29 19 9 0
78 67 57 48 37 28 18 9 0
79 69 59 49 39 29 19 9 0
80 70 61 50 41 31 20 10 0
81 70 61 50 40 30 20 10 0
82 72 61 51 40 30 20 10 0
83 72 61 51 41 30 20 10 0
84 74 63 52 41 30 20 10 0
85 74 63 53 42 31 21 10 0
86 75 63 51 42 30 20 10 0
87 76 65 54 42 30 20 10 0
88 77 67 55 43 33 22 11 0
89 77 65 55 45 33 22 11 0
90 79 69 57 45 33 22 11 0
91 80 68 57 45 33 22 11 0
92 80 68 56 44 33 22 11 0
93 82 70 58 46 34 23 11 0
94 81 69 58 47 34 22 11 0
95 83 71 59 47 35 23 11 0
96 83 72 60 48 37 25 12 0
97 85 73 61 48 36 24 12 0
98 85 73 61 49 36 24 12 0
99 86 75 63 50 37 24 12 0
100 88 75 62 50 37 25 12 0
101 88 74 61 48 36 24 12 0
102 88 74 61 48 36 24 12 0
103 90 76 63 50 36 24 12 0
104 90 77 65 52 40 26 13 0
105 91 79 65 52 39 26 13 0
106 92 80 67 53 40 26 13 0
107 93 81 67 54 41 27 13 0
108 94 82 68 55 41 27 13 0
109 95 82 68 54 40 26 13 0
110 96 81 66 54 40 26 13 0
111 96 81 66 53 39 26 13 0
112 98 83 70 56 43 28 14 0
113 98 84 70 56 42 28 14 0
114 101 87 72 57 42 28 14 0
115 102 87 72 58 43 28 14 0
116 101 87 72 57 42 27 14 0
117 102 89 74 59 44 29 14 0
118 103 87 71 55 42 28 14 0
119 103 87 72 57 42 28 14 0
120 106 90 75 60 45 31 16 0
121 107 91 75 60 45 30 15 0
122 108 92 76 61 45 31 15 0
123 107 92 77 61 46 31 16 0
124 108 92 76 60 44 30 15 0
125 109 93 77 62 47 31 16 0
126 110 94 78 63 47 31 15 0
127 111 95 79 63 47 31 15 0
128 113 96 80 63 48 32 16 0
129 114 97 82 65 48 32 16 0
130 114 99 82 65 49 32 16 0
131 116 99 83 66 49 33 16 0
132 115 100 84 67 51 34 17 0
133 116 99 84 67 50 33 16 0
134 116 99 81 66 49 32 16 0
135 118 101 84 67 50 33 17 0
136 119 103 85 68 50 34 17 0
137 119 101 85 68 51 34 17 0
138 120 102 85 68 51 34 17 0
139 121 104 86 69 52 35 17 0
140 124 106 87 69 51 34 17 0
141 122 104 86 69 51 34 17 0
142 124 105 89 70 51 34 17 0
143 124 105 86 69 51 34 17 0
144 125 107 90 73 55 37 18 0
145 127 108 89 72 54 36 18 0
146 129 111 93 74 55 37 18 0
147 128 109 91 73 55 36 18 0
148 129 110 91 74 56 38 19 0
149 130 111 93 75 56 37 19 0
150 131 111 94 74 54 36 18 0
151 132 112 93 75 55 36 18 0
152 133 113 93 74 56 38 19 0
153 134 114 95 77 57 38 19 0
154 134 114 95 75 56 38 19 0
155 136 118 98 78 58 38 19 0
156 136 116 97 77 57 39 19 0
157 137 117 99 79 60 40 20 0
158 137 119 99 79 58 38 19 0
159 139 119 99 79 59 39 20 0
160 139 119 98 79 60 40 20 0
161 140 121 100 80 60 40 20 0
162 141 121 100 80 60 40 20 0
163 142 122 102 82 61 41 20 0
164 143 122 101 80 61 40 20 0
165 146 126 104 83 61 40 20 0
166 147 125 103 81 60 40 20 0
167 145 126 104 82 62 40 20 0
168 147 127 106 84 64 42 21 0
169 147 127 105 84 63 42 21 0
170 149 127 107 85 64 43 21 0
171 151 129 106 85 63 42 21 0
172 150 129 107 86 64 43 21 0
173 151 129 107 86 64 42 21 0
174 151 129 107 85 63 42 21 0
175 152 129 107 87 64 42 21 0
176 155 134 111 90 67 44 22 0
177 156 133 111 89 66 44 22 0
178 157 135 113 90 67 45 22 0
179 158 136 113 91 69 46 23 0
180 159 135 111 87 65 44 22 0
181 158 135 113 90 68 45 23 0
182 158 134 111 90 67 44 22 0
183 159 136 113 89 66 44 22 0
184 161 138 116 93 69 46 23 0
185 161 138 115 92 69 46 23 0
186 164 140 117 93 70 46 23 0
187 164 140 116 92 68 46 23 0
188 164 141 117 94 70 47 24 0
189 165 142 118 94 70 47 23 0
190 165 140 116 93 69 46 23 0
191 167 143 118 93 70 46 23 0
192 168 145 120 95 71 48 24 0
193 168 145 121 97 72 48 24 0
194 169 144 121 97 73 48 24 0
195 170 145 120 95 72 48 24 0
196 171 146 122 97 72 49 25 0
197 172 148 123 98 74 49 25 0
198 173 147 121 98 72 48 24 0
199 174 149 124 99 74 49 25 0
200 174 150 125 99 74 50 25 0
201 175 151 125 99 75 50 25 0
202 176 152 128 102 76 50 25 0
203 177 152 127 101 75 50 25 0
204 178 153 128 101 75 50 25 0
205 179 153 128 102 77 51 25 0
206 179 153 127 102 75 50 25 0
207 180 155 129 102 76 50 25 0
208 181 154 127 102 77 52 26 0
209 182 157 130 104 78 52 26 0
210 183 157 131 104 78 52 26 0
211 184 159 133 106 79 53 26 0
212 185 158 132 105 80 53 26 0
213 186 159 133 106 79 53 26 0
214 187 160 132 104 78 52 26 0
215 188 162 134 106 78 52 26 0
216 190 162 136 108 82 55 27 0
217 189 163 135 108 81 54 27 0
218 190 162 134 108 81 54 27 0
219 193 165 137 110 83 55 27 0
220 191 163 134 108 81 54 27 0
221 193 164 137 109 81 54 27 0
222 194 166 138 110 83 55 27 0
223 194 165 138 109 80 54 27 0
224 197 169 142 113 85 57 28 0
225 197 170 141 113 85 57 28 0
226 198 170 141 114 85 56 28 0
227 198 169 142 113 85 57 28 0
228 201 174 144 114 85 56 28 0
229 202 173 144 115 86 58 29 0
230 200 171 143 114 85 56 28 0
231 203 174 144 114 84 56 28 0
232 202 172 143 115 87 58 29 0
233 203 175 146 117 88 58 29 0
234 206 177 147 117 88 58 29 0
235 206 177 147 117 88 58 29 0
236 205 176 147 116 88 58 29 0
237 207 179 149 119 90 60 30 0
238 208 179 150 119 88 58 29 0
239 209 179 149 119 90 60 30 0
240 210 181 152 122 91 61 30 0
241 211 180 151 122 91 60 30 0
242 213 182 151 120 90 60 30 0
243 212 182 152 121 92 61 30 0
244 213 181 150 121 91 60 30 0
245 214 185 154 123 92 62 31 0
246 215 183 152 121 91 60 30 0
247 215 183 154 122 90 60 30 0
248 218 188 156 125 94 62 31 0
249 218 186 154 124 93 62 31 0
250 218 186 155 124 93 63 31 0
251 219 189 158 126 94 64 32 0
252 220 188 156 124 94 63 32 0
253 221 190 157 125 93 62 31 0
254 222 190 158 126 95 63 32 0
255 223 192 159 126 95 62 31 0
256 223 192 161 129 97 64 32 0
257 224 191 160 129 97 64 32 0
258 225 192 161 129 96 64 32 0
259 226 195 162 129 98 66 33 0
260 229 196 163 130 96 64 32 0
261 229 196 163 130 98 65 32 0
262 231 197 163 131 98 65 32 0
263 230 197 163 131 98 64 32 0
264 231 199 166 133 99 67 33 0
265 233 199 165 131 98 66 33 0
266 232 199 166 133 100 67 33 0
267 235 201 167 134 100 66 33 0
268 236 201 166 131 99 66 33 0
269 234 201 166 133 99 66 33 0
270 236 203 169 134 100 66 33 0
271 238 203 170 135 101 66 33 0
272 239 205 171 137 104 69 34 0
273 240 206 171 137 103 68 34 0
274 239 205 171 136 102 68 34 0
275 240 206 172 138 103 69 34 0
276 243 208 174 139 104 70 35 0
277 243 209 173 137 103 68 34 0
278 243 209 174 138 103 68 34 0
279 243 208 174 138 104 68 34 0
280 245 210 175 141 105 70 35 0
281 247 212 177 141 105 70 35 0
282 246 212 176 140 106 70 35 0
283 248 212 177 141 105 70 35 0
284 248 212 177 143 107 71 36 0
285 250 213 177 141 105 70 35 0
286 250 215 180 143 107 70 35 0
287 251 214 177 142 106 70 35 0
288 253 216 180 143 108 71 36 0
289 252 215 178 143 108 72 36 0
290 255 219 183 146 110 74 37 0
291 254 218 181 146 110 73 36 0
292 255 220 183 148 111 74 37 0
293 257 219 182 144 108 72 36 0
294 257 219 183 145 109 72 36 0
295 258 221 185 147 109 72 36 0
296 258 222 186 148 110 74 37 0
297 261 224 186 148 111 74 37 0
298 260 224 186 148 111 73 37 0
299 261 225 187 149 113 76 38 0
300 262 225 187 149 110 73 37 0
301 263 225 186 148 112 74 37 0
302 264 226 188 149 111 74 37 0
303 265 227 188 149 112 74 37 0
304 267 229 190 153 114 76 39 0
305 268 230 191 153 114 76 38 0
306 267 229 191 153 115 76 38 0
307 268 229 192 154 115 77 38 0
308 268 231 192 152 114 76 38 0
309 269 229 191 152 115 76 38 0
310 271 231 192 154 114 76 38 0
311 271 231 191 153 113 76 38 0
312 271 233 194 154 115 77 38 0
313 274 234 195 155 117 78 39 0
314 274 234 196 158 118 79 39 0
315 275 237 199 158 117 78 39 0
316 278 238 198 158 118 79 40 0
317 277 238 198 158 118 79 39 0
318 278 237 199 159 118 78 39 0
319 279 239 199 159 119 79 40 0
320 281 241 201 161 121 82 41 0
321 282 241 201 161 121 80 40 0
322 283 242 201 161 121 80 40 0
323 282 241 200 160 121 80 40 0
324 283 242 203 162 121 81 41 0
325 283 243 202 161 120 80 40 0
326 285 244 204 163 122 81 41 0
327 286 244 202 162 120 80 40 0
328 287 247 205 165 123 82 41 0
329 287 247 205 164 123 82 41 0
330 290 248 207 165 123 83 42 0
331 289 247 205 164 123 82 41 0
332 291 249 207 165 124 82 41 0
333 291 250 208 166 124 83 41 0
334 294 252 209 166 125 83 41 0
335 293 250 210 167 124 82 41 0
336 293 252 211 170 128 85 42 0
337 294 253 210 168 126 84 42 0
338 296 253 210 169 127 84 42 0
339 296 253 210 168 125 84 42 0
340 297 254 212 169 128 85 43 0
341 298 254 211 170 126 84 42 0
342 298 255 211 168 127 85 42 0
343 300 257 214 170 127 84 42 0
344 302 259 217 174 131 86 43 0
345 302 258 214 171 128 86 43 0
346 304 260 216 174 130 87 43 0
347 303 259 217 174 130 86 43 0
348 304 260 218 174 131 88 44 0
349 307 263 220 176 132 88 44 0
350 306 261 218 173 129 86 43 0
351 306 261 218 173 130 86 43 0
352 309 266 221 176 133 88 44 0
353 309 264 220 175 132 88 44 0
354 308 262 219 176 132 88 44 0
355 310 265 220 175 132 88 44 0
356 311 267 224 179 134 89 44 0
357 312 266 220 174 131 88 44 0
358 314 269 226 180 134 88 44 0
359 313 267 223 177 133 88 44 0
360 316 272 227 182 136 90 45 0
361 316 272 227 181 135 90 45 0
362 316 270 226 180 134 90 45 0
363 318 274 228 183 137 91 45 0
364 317 273 227 181 135 90 45 0
365 318 271 224 179 134 90 45 0
366 321 275 228 182 136 90 45 0
367 321 276 230 183 136 90 45 0
368 323 276 229 184 139 93 46 0
369 324 278 231 185 139 92 46 0
370 323 277 232 186 140 93 46 0
371 326 279 232 185 138 92 45 0
372 326 279 232 186 139 92 46 0
373 325 280 232 184 138 92 46 0
374 328 280 234 186 139 92 46 0
375 327 279 233 188 140 92 46 0
376 329 283 236 189 142 95 47 0
377 331 283 235 188 142 95 47 0
378 330 283 236 189 142 95 47 0
379 331 283 237 189 141 94 47 0
380 334 285 236 189 141 94 47 0
381 333 286 238 190 142 95 48 0
382 334 285 237 188 142 94 47 0
383 334 285 236 189 141 94 47 0
384 337 290 243 195 147 98 49 0
385 336 289 241 193 144 96 48 0
386 339 290 241 192 144 97 48 0
387 338 289 241 194 145 97 49 0
388 341 292 244 195 148 100 52 0
389 339 292 243 194 144 96 48 0
390 343 293 246 196 146 96 48 0
391 344 294 245 195 145 96 48 0
392 343 294 245 197 147 98 49 0
393 343 295 246 196 146 98 49 0
394 344 296 246 197 147 98 49 0
395 346 298 248 198 148 98 49 0
396 348 298 248 198 149 99 49 0
397 346 295 245 196 147 98 49 0
398 347 298 248 197 147 98 49 0
399 349 300 251 200 149 98 49 0
400 349 300 251 199 149 100 50 0
401 351 300 249 199 149 100 50 0
402 351 300 251 200 150 101 50 0
403 352 303 253 202 153 102 51 0
404 355 303 251 200 150 100 50 0
405 353 302 251 201 150 100 50 0
406 355 303 251 202 150 100 50 0
407 358 306 254 202 151 100 50 0
408 356 306 255 203 153 103 51 0
409 358 306 256 205 154 102 51 0
410 360 308 258 206 155 103 52 0
411 359 307 257 206 156 104 52 0
412 360 309 259 207 155 103 52 0
413 361 310 258 206 154 103 51 0
414 362 310 258 207 155 103 52 0
415 363 311 259 207 155 103 52 0
416 363 311 259 208 157 104 52 0
417 364 312 259 208 157 105 52 0
418 365 314 261 208 156 103 52 0
419 368 315 262 210 157 104 53 0
420 369 318 265 212 159 106 53 0
421 367 313 260 207 156 104 52 0
422 368 315 262 211 157 105 52 0
423 370 316 262 210 156 104 52 0
424 372 318 264 212 160 106 53 0
425 371 318 264 212 159 106 53 0
426 374 320 267 215 162 108 54 0
427 373 319 266 213 160 106 53 0
428 374 320 266 212 160 106 53 0
429 376 322 267 213 160 106 53 0
430 375 320 265 211 158 106 53 0
431 376 322 268 213 160 106 53 0
432 379 326 272 218 164 109 54 0
433 380 326 273 218 163 108 54 0
434 381 325 270 216 161 108 54 0
435 381 326 271 218 163 108 54 0
436 381 326 271 218 164 109 55 0
437 381 325 269 216 162 108 54 0
438 382 326 271 218 163 108 54 0
439 383 328 272 218 162 108 54 0
440 386 330 275 221 166 110 55 0
441 387 332 277 222 166 110 55 0
442 388 332 276 220 165 111 55 0
443 389 332 275 220 165 110 55 0
444 387 331 276 221 166 109 55 0
445 388 332 275 220 165 110 55 0
446 392 335 278 222 166 110 55 0
447 390 333 278 222 165 110 55 0
448 393 337 281 224 169 114 57 0
449 394 338 281 225 169 112 56 0
450 395 338 283 226 170 114 57 0
451 395 338 283 226 169 113 56 0
452 395 338 281 224 168 112 56 0
453 396 339 284 227 170 113 56 0
454 396 338 281 223 167 112 56 0
455 397 341 284 227 170 112 56 0
456 400 344 286 228 171 114 56 0
457 399 343 287 231 173 115 57 0
458 400 343 285 228 170 113 57 0
459 403 345 287 231 173 115 57 0
460 402 345 287 229 171 114 57 0
461 403 347 290 232 174 116 58 0
462 404 346 288 230 172 114 57 0
463 405 347 289 231 174 116 58 0
464 407 348 290 232 175 117 59 0
465 407 348 289 232 174 116 58 0
466 407 349 291 233 175 116 58 0
467 408 350 291 234 175 116 58 0
468 409 351 291 231 174 116 58 0
469 410 351 291 233 173 116 58 0
470 412 352 294 234 175 116 58 0
471 411 352 293 235 175 117 58 0
472 412 354 296 237 179 119 59 0
473 414 354 295 235 177 118 59 0
474 415 355 296 238 178 118 59 0
475 415 355 296 236 176 117 59 0
476 416 357 299 239 178 118 59 0
477 417 357 297 237 179 118 59 0
478 419 359 299 238 178 118 59 0
479 419 358 297 239 178 118 59 0
480 421 361 302 242 181 122 61 0
481 421 360 301 240 180 120 60 0
482 423 362 301 242 181 120 60 0
483 422 361 301 241 180 121 60 0
484 425 363 302 243 181 121 60 0
485 424 363 303 242 181 121 61 0
486 425 363 303 242 181 120 60 0
487 426 364 302 241 181 120 60 0
488 428 365 305 245 182 122 60 0
489 429 368 306 245 183 123 62 0
490 430 369 308 246 184 123 61 0
491 431 369 307 246 184 122 62 0
492 431 368 307 246 184 123 61 0
493 431 369 308 245 183 122 61 0
494 432 371 308 247 185 122 61 0
495 434 372 309 246 183 122 61 0
496 432 370 309 248 185 123 62 0
497 434 373 310 248 186 124 62 0
498 435 373 311 249 186 123 62 0
499 437 374 312 250 187 124 62 0
500 437 376 312 248 187 124 62 0
501 440 377 314 251 188 125 63 0
502 438 374 311 249 188 124 62 0
503 440 377 314 251 189 126 63 0
504 442 379 314 252 188 126 63 0
505 442 378 315 252 189 126 63 0
506 442 379 316 253 190 127 63 0
507 442 380 317 253 188 126 63 0
508 446 382 317 253 189 126 63 0
509 445 381 317 252 189 126 63 0
510 446 382 318 254 191 127 63 0
511 446 381 319 254 191 126 63 0
512 449 384 319 256 192 128 63 0
513 450 387 323 258 194 129 64 0
514 451 386 322 257 192 129 64 0
515 452 387 323 259 195 130 65 0
516 451 388 323 259 194 129 64 0
517 451 385 322 259 194 128 64 0
518 453 387 324 258 193 128 64 0
519 453 389 324 260 194 128 64 0
520 454 390 326 261 195 131 66 0
521 455 391 325 260 196 130 65 0
522 456 390 324 260 195 130 65 0
523 457 391 327 262 197 131 65 0
524 458 394 328 261 195 131 65 0
525 459 393 328 262 196 130 65 0
526 460 393 326 260 196 130 65 0
527 462 396 329 263 196 130 65 0
528 463 396 330 265 198 131 66 0
529 464 399 332 265 199 132 66 0
530 464 396 330 265 199 132 66 0
531 464 398 331 264 198 132 66 0
532 466 401 334 267 199 132 66 0
533 466 399 333 267 200 133 67 0
534 468 401 333 267 199 133 66 0
535 467 400 333 268 200 133 66 0
536 468 402 335 267 201 135 67 0
537 469 401 334 268 201 134 67 0
538 472 405 338 271 203 135 67 0
539 471 404 336 268 201 133 67 0
540 471 405 336 269 201 134 67 0
541 475 407 340 272 204 136 68 0
542 474 405 339 271 203 135 67 0
543 474 405 337 269 202 134 67 0
544 477 410 342 275 207 138 69 0
545 476 409 341 274 205 137 69 0
546 479 410 343 274 205 136 69 0
547 479 412 343 274 206 137 68 0
548 479 410 341 274 204 136 68 0
549 481 413 343 274 204 136 68 0
550 480 412 343 276 206 138 68 0
551 481 412 342 274 204 136 68 0
552 484 413 343 275 207 138 69 0
553 484 416 348 278 208 139 69 0
554 484 415 346 277 207 138 69 0
555 487 417 347 279 209 139 70 0
556 486 416 348 278 208 139 69 0
557 487 417 347 277 207 139 70 0
558 489 418 347 277 209 139 69 0
559 489 420 350 279 209 138 69 0
560 490 420 349 279 210 140 70 0
561 492 422 352 282 211 141 71 0
562 492 422 351 282 210 140 70 0
563 492 421 350 280 211 141 70 0
564 495 423 351 281 211 141 70 0
565 494 422 350 279 210 140 70 0
566 495 423 352 282 210 141 70 0
567 496 426 354 284 212 141 70 0
568 498 426 356 285 214 143 72 0
569 499 428 357 285 213 142 72 0
570 500 428 358 286 215 143 71 0
571 501 430 359 287 215 143 72 0
572 501 428 355 285 213 142 71 0
573 501 431 359 287 215 144 72 0
574 502 431 358 287 214 143 71 0
575 502 430 357 286 214 143 71 0
576 503 432 361 288 217 145 73 0
577 504 432 360 288 217 145 72 0
578 505 434 361 288 217 145 72 0
579 506 434 361 288 217 145 73 0
580 507 434 360 289 216 144 72 0
581 509 436 362 291 217 144 72 0
582 510 436 362 288 217 144 72 0
583 510 436 362 290 216 144 72 0
584 510 438 365 293 219 146 73 0
585 513 439 367 294 220 146 73 0
586 512 440 366 293 219 146 73 0
587 515 442 368 294 220 146 73 0
588 514 441 367 293 220 146 73 0
589 514 440 367 293 218 146 73 0
590 516 442 367 295 222 147 73 0
591 517 442 368 293 220 146 73 0
592 518 445 370 297 223 149 74 0
593 518 443 370 297 223 148 74 0
594 521 446 371 296 221 147 74 0
595 522 447 372 298 224 149 75 0
596 520 447 373 298 224 148 74 0
597 522 447 373 299 223 149 74 0
598 522 447 374 298 222 148 74 0
599 523 449 373 298 223 149 74 0
600 526 451 376 300 225 151 76 0
601 526 450 376 301 226 150 75 0
602 526 452 376 300 226 150 75 0
603 527 453 377 301 226 150 75 0
604 530 454 378 302 226 151 75 0
605 531 456 379 302 226 150 75 0
606 530 455 380 303 227 150 75 0
607 531 454 378 301 226 151 75 0
608 533 458 383 308 231 154 76 0
609 534 459 382 305 228 152 76 0
610 535 458 381 304 229 152 76 0
611 534 457 381 305 229 153 76 0
612 534 458 381 306 229 152 76 0
613 536 458 383 308 230 152 76 0
614 536 459 381 304 227 152 76 0
615 537 459 383 308 230 152 76 0
616 540 464 386 309 231 154 78 0
617 541 465 387 309 231 154 77 0
618 541 464 385 307 230 154 77 0
619 541 463 386 309 231 153 77 0
620 542 464 387 310 232 155 77 0
621 543 465 387 309 232 154 77 0
622 543 464 388 311 232 155 77 0
623 544 466 388 309 232 155 77 0
624 545 467 390 313 234 157 79 0
625 547 470 392 313 234 156 78 0
626 547 470 392 313 236 157 79 0
627 549 470 392 313 235 157 78 0
628 550 472 392 312 233 156 78 0
629 549 471 392 312 234 156 78 0
630 550 471 392 315 237 158 79 0
631 554 474 394 314 234 156 78 0
632 552 474 396 317 238 158 79 0
633 555 477 398 318 238 160 80 0
634 556 476 396 317 237 157 79 0
635 557 477 398 318 238 158 79 0
636 556 478 397 317 239 159 79 0
637 556 477 396 317 239 159 79 0
638 559 481 400 320 239 158 79 0
639 558 479 399 319 239 158 79 0
640 561 481 402 321 240 159 80 0
641 560 481 400 321 240 159 80 0
642 563 483 402 321 242 161 80 0
643 563 481 400 320 240 160 80 0
644 565 484 403 321 240 160 80 0
645 564 484 403 322 242 161 81 0
646 565 483 401 320 239 160 80 0
647 567 485 404 322 240 160 80 0
648 568 488 407 325 244 163 82 0
649 567 486 404 324 242 162 81 0
650 568 488 408 326 244 162 81 0
651 569 487 406 325 244 163 82 0
652 570 487 407 324 243 162 81 0
653 571 489 408 326 245 163 81 0
654 574 493 410 328 245 162 81 0
655 573 491 409 326 244 162 81 0
656 575 494 411 328 246 164 82 0
657 574 493 410 328 245 163 82 0
658 577 496 413 330 247 166 83 0
659 578 494 412 331 247 165 82 0
660 578 494 411 330 248 164 82 0
