#
# Normal (irreducible) polynomials over GF(2)
# with lowest non-constant term as high as possible.
#.
# Generated by Joerg Arndt, 2003-December-12
#

2,1,0
3,2,0
4,3,0
5,4,3,2,0
6,5,0
7,6,0
8,7,5,4,0
9,8,0
10,9,8,7,0
11,10,9,7,0
12,11,10,8,0
13,12,10,9,0
14,13,11,9,0
15,14,0
16,15,13,11,0
17,16,15,14,0
18,17,16,13,0
19,18,17,14,0
20,19,18,17,0
21,20,19,16,0
22,21,0
23,22,20,18,0
24,23,22,21,19,18,0
25,24,23,22,0
26,25,23,22,0
27,26,24,22,21,20,0
28,27,0
29,28,27,25,0
30,29,0
31,30,28,24,0
32,31,30,29,27,25,0
33,32,30,27,0
34,33,31,30,0
35,34,33,32,31,29,0
36,35,34,33,32,31,0
37,36,35,34,33,32,0
38,37,33,32,0
39,38,34,32,0
40,39,38,36,34,33,0
41,40,39,38,0
42,41,40,37,0
43,42,38,37,0
44,43,40,39,0
45,44,41,39,0
46,45,0
47,46,43,42,0
48,47,46,45,43,42,0
49,48,46,45,44,42,0
50,49,48,47,46,42,0
51,50,48,45,0
52,51,50,49,0
53,52,51,47,0
54,53,52,50,49,46,0
55,54,53,49,0
56,55,53,52,49,48,0
57,56,53,50,0
58,57,53,52,0
59,58,56,55,54,53,0
60,59,0
61,60,59,56,0
62,61,60,59,57,55,0
63,62,0
64,63,61,60,0
65,64,62,61,0
66,65,64,62,0
67,66,65,62,0
68,67,63,61,0
69,68,67,66,64,63,0
70,69,67,65,0
71,70,68,66,0
72,71,70,69,68,66,0
73,72,70,66,0
74,73,72,68,0
75,74,72,69,0
76,75,72,70,0
77,76,74,72,71,70,0
78,77,76,75,74,72,0
79,78,76,75,74,72,0
80,79,78,77,75,73,0
81,80,78,77,76,73,0
82,81,80,78,76,75,0
83,82,81,80,76,75,0
84,83,80,79,0
85,84,83,77,0
86,85,84,79,0
87,86,83,78,0
88,87,86,85,84,83,0
89,88,87,82,0
90,89,88,86,85,84,0
91,90,87,86,85,84,0
92,91,90,88,87,84,0
93,92,91,90,88,86,0
94,93,89,88,0
95,94,93,91,90,89,0
96,95,94,93,92,91,90,88,0
97,96,95,92,91,90,0
98,97,92,91,0
99,98,96,93,0
100,99,97,96,95,94,93,92,0
101,100,95,94,0
102,101,96,93,0
103,102,100,98,97,95,0
104,103,101,100,0
105,104,103,98,0
106,105,101,100,0
107,106,105,104,102,100,0
108,107,104,102,0
109,108,103,102,0
110,109,104,102,0
111,110,108,105,104,103,0
112,111,110,109,108,107,0
113,112,110,106,0
114,113,112,109,107,105,0
115,114,113,112,110,108,0
116,115,114,112,0
117,116,115,114,113,111,110,109,0
118,117,116,114,111,110,0
119,118,117,115,114,110,0
120,119,117,116,0
121,120,116,113,0
122,121,120,116,0
123,122,121,119,118,116,0
124,123,121,119,118,116,0
125,124,123,122,120,118,0
126,125,123,122,120,117,0
127,126,124,120,0
128,127,126,121,0
129,128,127,124,123,122,0
130,129,128,127,0
131,130,127,126,125,124,0
132,131,130,128,127,126,0
133,132,129,128,127,125,0
134,133,129,127,0
135,134,133,131,130,129,0
136,135,134,133,132,131,130,127,0
137,136,135,132,131,129,0
138,137,131,130,0
139,138,137,136,134,132,0
140,139,138,137,136,133,0
141,140,138,136,134,133,0
142,141,138,137,136,135,0
143,142,138,134,0
144,143,142,141,138,136,0
145,144,140,139,0
146,145,144,143,140,139,0
147,146,145,144,143,142,0
148,147,145,144,143,141,0
149,148,146,145,144,143,142,140,0
150,149,148,146,145,143,0
151,150,149,148,0
152,151,150,147,145,144,0
153,152,150,144,0
154,153,149,145,0
155,154,152,151,150,147,0
156,155,154,152,151,147,0
157,156,155,152,151,149,0
158,157,156,154,153,150,0
159,158,156,155,154,153,0
160,159,157,153,0
161,160,159,158,155,154,0
162,161,160,157,156,155,0
163,162,160,159,157,156,0
164,163,162,161,159,158,157,156,0
165,164,163,162,160,159,158,156,0
166,165,161,160,0
167,166,165,163,162,158,0
168,167,165,164,161,159,0
169,168,167,163,162,159,0
170,169,168,167,163,162,0
171,170,169,168,167,166,0
172,171,0
173,172,170,169,168,165,0
174,173,172,170,169,165,0
175,174,171,169,168,166,0
176,175,174,173,172,167,0
177,176,174,172,171,170,0
178,177,173,169,0
179,178,177,175,0
180,179,178,176,175,170,0
181,180,175,174,0
182,181,178,177,176,175,0
183,182,180,179,177,176,174,173,0
184,183,181,180,179,178,177,176,0
185,184,182,177,0
186,185,184,183,182,181,177,175,0
187,186,185,183,181,176,0
188,187,185,184,182,179,0
189,188,187,186,185,181,0
190,189,188,186,183,181,0
191,190,188,187,186,184,0
192,191,190,185,0
193,192,191,189,188,187,186,185,0
194,193,192,189,186,185,0
195,194,193,191,190,188,0
196,195,193,192,191,190,189,188,0
197,196,195,194,192,191,190,189,0
198,197,195,194,193,189,0
199,198,195,190,0
200,199,197,192,0
201,200,197,194,0
202,201,200,197,196,195,0
203,202,196,195,0
204,203,200,194,0
205,204,203,202,200,199,197,196,0
206,205,204,203,201,199,0
207,206,201,198,0
208,207,204,202,201,200,0
209,208,207,205,204,203,0
210,209,208,207,206,204,202,200,0
211,210,208,206,205,202,0
212,211,210,209,208,206,204,203,0
213,212,206,205,0
214,213,211,209,0
215,214,213,212,211,207,0
216,215,213,209,0
217,216,213,209,208,207,0
218,217,216,213,212,210,0
219,218,216,214,213,212,211,209,0
220,219,218,217,216,215,214,213,0
221,220,219,217,216,213,0
222,221,219,218,216,215,214,212,0
223,222,220,215,0
224,223,221,216,215,214,0
225,224,223,222,221,220,218,216,0
226,225,223,222,221,218,0
227,226,224,223,222,221,0
228,227,225,224,223,220,0
229,228,227,224,223,220,0
230,229,226,225,224,223,0
231,230,227,225,223,222,0
232,231,230,228,225,223,0
233,232,229,224,0
234,233,231,228,227,226,0
235,234,229,226,0
236,235,232,231,0
237,236,233,230,0
238,237,236,233,0
239,238,237,236,235,234,0
240,239,235,234,233,229,0
241,240,237,235,234,232,0
242,241,238,237,236,234,0
243,242,238,235,0
244,243,242,239,238,236,0
245,244,241,239,0
246,245,244,241,239,238,0
247,246,245,244,242,238,0
248,247,246,243,240,239,0
249,248,245,242,0
250,249,247,246,245,242,0
251,250,249,248,246,244,0
252,251,249,248,246,243,0
253,252,251,250,249,248,0
254,253,252,247,0
255,254,250,247,246,245,0
256,255,252,251,248,246,0
257,256,254,249,0
258,257,256,254,252,251,250,249,0
259,258,256,255,254,253,252,251,0
260,259,258,257,253,252,0
261,260,258,257,256,255,253,252,0
262,261,260,259,258,257,256,254,253,252,0
263,262,261,260,259,258,257,254,0
264,263,262,261,256,255,0
265,264,263,259,258,257,0
266,265,264,263,261,259,0
267,266,263,261,259,258,0
268,267,266,261,260,259,0
269,268,263,262,0
270,269,268,267,264,263,0
271,270,269,268,267,263,0
272,271,267,266,265,264,0
273,272,267,266,0
274,273,272,269,268,266,0
275,274,272,271,270,267,0
276,275,273,270,0
277,276,275,273,272,270,0
278,277,274,273,0
279,278,276,275,273,271,0
280,279,278,277,275,274,273,271,0
281,280,277,272,0
282,281,275,274,0
283,282,281,278,277,275,0
284,283,282,281,278,274,0
285,284,283,282,281,280,276,273,0
286,285,283,282,281,280,279,278,0
287,286,284,281,280,278,0
288,287,285,282,280,278,0
289,288,287,286,285,284,283,279,0
290,289,286,285,284,283,281,280,0
291,290,289,286,283,281,0
292,291,289,285,0
293,292,290,289,287,284,0
294,293,292,289,287,286,284,283,0
295,294,293,292,290,289,0
296,295,294,292,291,290,289,286,0
297,296,293,292,0
298,297,295,294,293,290,0
299,298,297,296,294,292,0
300,299,298,297,296,295,294,293,0
301,300,299,296,295,293,0
302,301,300,299,298,297,0
303,302,0
304,303,302,301,300,299,0
305,304,300,296,0
306,305,303,299,0
307,306,305,302,301,299,0
308,307,306,301,300,299,0
309,308,306,304,302,301,0
310,309,305,302,0
311,310,308,307,305,304,303,302,0
312,311,310,308,305,304,303,302,0
313,312,310,306,0
314,313,312,309,308,306,0
315,314,310,309,308,307,0
316,315,313,311,310,308,0
317,316,315,313,312,311,310,309,0
318,317,315,314,313,309,0
319,318,317,316,314,311,0
320,319,317,316,0
321,320,317,316,313,311,0
322,321,320,318,317,316,315,313,0
323,322,320,319,318,317,0
324,323,322,320,0
325,324,323,321,319,317,0
326,325,323,316,0
327,326,325,324,323,320,318,317,0
328,327,325,320,0
329,328,326,325,321,320,0
330,329,328,327,325,324,0
331,330,326,324,322,321,0
332,331,330,326,0
333,332,331,329,328,325,0
334,333,332,329,0
335,334,331,330,327,326,0
336,335,332,329,0
337,336,335,332,331,330,0
338,337,335,334,0
339,338,337,336,334,332,0
340,339,337,334,333,331,0
341,340,339,338,337,333,0
342,341,340,331,0
343,342,340,339,337,336,335,334,0
344,343,342,337,0
345,344,343,340,338,336,0
346,345,344,341,340,339,0
347,346,344,343,342,341,339,338,0
348,347,345,342,341,339,0
349,348,347,343,341,340,0
350,349,348,347,346,345,342,341,0
351,350,348,345,344,343,0
352,351,350,349,345,344,0
353,352,351,350,348,346,345,344,0
354,353,351,349,346,345,0
355,354,350,349,0
356,355,354,351,350,349,0
357,356,355,354,351,350,349,348,0
358,357,355,353,352,350,0
359,358,357,354,353,351,0
360,359,357,356,354,350,0
361,360,357,354,0
362,361,359,358,355,354,0
363,362,356,355,0
364,363,356,355,0
365,364,363,361,359,358,357,355,0
366,365,364,363,359,357,0
367,366,364,363,362,360,0
368,367,366,365,362,361,0
369,368,366,364,363,362,360,358,0
370,369,368,361,0
371,370,367,366,364,362,0
372,371,368,367,366,363,0
373,372,367,364,0
374,373,372,371,367,366,0
375,374,373,371,0
376,375,373,370,367,366,0
377,376,374,369,0
378,377,376,372,370,368,0
379,378,376,374,371,370,0
380,379,375,374,372,370,0
381,380,378,376,375,373,0
382,381,377,373,0
383,382,378,374,0
384,383,382,381,380,378,377,376,0
385,384,383,382,377,376,0
386,385,384,383,382,381,380,379,378,377,0
387,386,382,381,379,378,0
388,387,386,385,384,381,380,378,0
389,388,387,386,383,382,0
390,389,387,386,385,382,0
391,390,389,385,0
392,391,389,387,386,384,383,382,0
393,392,391,386,0
394,393,391,388,385,384,0
395,394,393,391,390,389,388,387,0
396,395,393,391,390,389,0
397,396,392,391,390,389,0
398,397,394,392,390,388,0
399,398,397,395,393,390,0
400,399,398,393,391,390,0
