#
# Binary primitive polynomials of degree 127 in counting order.
# Table is complete for second-highest term <=15.
# Additionally the first few entries for 16 are listed.
#.
# Generated by Joerg Arndt, 2003-January-04
#

127,1,0
127,7,0
127,7,3,1,0
127,7,6,5,4,3,2,1,0
127,8,4,3,0
127,8,5,3,2,1,0
127,8,6,5,4,3,0
127,8,7,3,0
127,9,6,4,3,2,0
127,9,6,5,2,1,0
127,9,7,4,2,1,0
127,9,8,5,3,1,0
127,9,8,6,4,3,2,1,0
127,9,8,7,5,1,0
127,9,8,7,6,3,0
127,10,3,1,0
127,10,4,1,0
127,10,8,5,4,3,2,1,0
127,10,9,7,5,2,0
127,10,9,8,7,1,0
127,10,9,8,7,3,2,1,0
127,11,5,3,0
127,11,6,5,4,2,0
127,11,7,5,3,1,0
127,11,8,6,5,4,3,2,0
127,11,8,7,5,4,2,1,0
127,11,8,7,6,4,3,1,0
127,11,9,5,3,1,0
127,11,9,7,5,3,0
127,11,9,7,6,4,2,1,0
127,11,9,7,6,5,4,1,0
127,11,9,8,6,5,4,3,0
127,11,10,6,4,2,0
127,11,10,8,7,4,3,2,0
127,11,10,8,7,6,5,4,3,2,0
127,11,10,9,8,6,4,3,2,1,0
127,11,10,9,8,6,5,4,3,1,0
127,12,7,3,0
127,12,7,5,0
127,12,8,6,5,1,0
127,12,8,7,5,3,0
127,12,9,7,3,2,0
127,12,9,8,6,4,2,1,0
127,12,9,8,7,6,5,4,0
127,12,10,6,3,2,0
127,12,10,6,5,4,2,1,0
127,12,10,9,6,1,0
127,12,10,9,7,6,3,1,0
127,12,10,9,8,6,0
127,12,10,9,8,6,5,4,2,1,0
127,12,10,9,8,7,6,5,4,1,0
127,12,11,6,5,4,0
127,12,11,7,6,5,3,2,0
127,12,11,8,5,1,0
127,12,11,8,6,3,0
127,12,11,8,6,4,3,2,0
127,12,11,8,7,6,3,2,0
127,12,11,8,7,6,5,4,3,1,0
127,12,11,9,3,1,0
127,12,11,9,4,3,0
127,12,11,10,7,1,0
127,12,11,10,7,6,5,3,0
127,12,11,10,9,6,5,4,0
127,12,11,10,9,7,5,4,3,2,0
127,12,11,10,9,7,6,1,0
127,12,11,10,9,8,5,4,3,2,0
127,13,7,1,0
127,13,7,5,4,3,2,1,0
127,13,7,6,5,2,0
127,13,8,3,0
127,13,8,5,0
127,13,8,6,0
127,13,8,7,5,3,2,1,0
127,13,8,7,6,5,0
127,13,9,5,3,2,0
127,13,9,6,4,3,0
127,13,9,8,7,6,5,1,0
127,13,10,4,0
127,13,10,6,3,1,0
127,13,10,6,5,4,2,1,0
127,13,10,8,7,5,3,2,0
127,13,10,9,5,4,2,1,0
127,13,10,9,6,5,2,1,0
127,13,10,9,7,5,4,3,2,1,0
127,13,10,9,7,6,5,3,0
127,13,10,9,8,2,0
127,13,10,9,8,6,5,4,3,1,0
127,13,11,7,5,4,3,2,0
127,13,11,7,6,5,3,1,0
127,13,11,8,4,1,0
127,13,11,8,6,5,4,2,0
127,13,11,9,6,5,4,3,2,1,0
127,13,11,9,7,5,4,3,0
127,13,11,10,5,4,3,2,0
127,13,11,10,8,7,4,3,0
127,13,11,10,8,7,5,3,0
127,13,11,10,8,7,6,5,2,1,0
127,13,11,10,9,4,0
127,13,12,6,5,2,0
127,13,12,7,6,5,2,1,0
127,13,12,9,3,1,0
127,13,12,9,8,4,3,2,0
127,13,12,9,8,7,4,2,0
127,13,12,9,8,7,5,4,3,1,0
127,13,12,9,8,7,6,4,2,1,0
127,13,12,10,7,4,2,1,0
127,13,12,10,7,6,4,1,0
127,13,12,10,8,7,5,1,0
127,13,12,10,8,7,6,5,3,1,0
127,13,12,10,9,1,0
127,13,12,10,9,5,4,3,0
127,13,12,10,9,6,0
127,13,12,10,9,7,4,3,0
127,13,12,10,9,7,4,3,2,1,0
127,13,12,10,9,8,7,6,4,3,2,1,0
127,13,12,11,5,4,0
127,13,12,11,5,4,3,1,0
127,13,12,11,7,6,3,2,0
127,13,12,11,7,6,5,3,2,1,0
127,13,12,11,7,6,5,4,3,1,0
127,13,12,11,8,7,3,1,0
127,13,12,11,8,7,4,2,0
127,13,12,11,9,7,6,3,2,1,0
127,13,12,11,9,8,6,5,2,1,0
127,13,12,11,9,8,6,5,4,1,0
127,13,12,11,9,8,7,5,4,2,0
127,13,12,11,9,8,7,6,4,1,0
127,13,12,11,10,5,4,1,0
127,13,12,11,10,7,6,5,4,3,0
127,13,12,11,10,8,6,1,0
127,13,12,11,10,8,6,5,3,2,0
127,13,12,11,10,8,7,5,4,2,0
127,13,12,11,10,9,5,1,0
127,13,12,11,10,9,5,4,3,2,0
127,13,12,11,10,9,7,6,2,1,0
127,13,12,11,10,9,7,6,5,4,0
127,13,12,11,10,9,8,6,5,4,3,2,0
127,13,12,11,10,9,8,7,0
127,14,7,5,4,3,0
127,14,8,5,4,3,2,1,0
127,14,8,7,5,2,0
127,14,9,6,4,2,0
127,14,9,6,5,4,3,1,0
127,14,9,6,5,4,3,2,0
127,14,9,8,5,1,0
127,14,9,8,5,3,2,1,0
127,14,9,8,5,4,3,2,0
127,14,9,8,7,5,3,2,0
127,14,10,7,4,3,0
127,14,10,7,6,4,3,2,0
127,14,10,7,6,5,2,1,0
127,14,10,8,7,4,3,1,0
127,14,10,9,7,3,2,1,0
127,14,10,9,8,7,4,3,0
127,14,10,9,8,7,5,2,0
127,14,11,7,4,1,0
127,14,11,7,5,4,3,1,0
127,14,11,8,7,6,4,1,0
127,14,11,8,7,6,4,3,2,1,0
127,14,11,9,6,5,4,3,0
127,14,11,9,8,4,2,1,0
127,14,11,9,8,7,6,4,3,2,0
127,14,11,10,6,4,3,1,0
127,14,11,10,8,6,4,1,0
127,14,11,10,8,6,5,3,0
127,14,11,10,8,7,6,1,0
127,14,11,10,8,7,6,4,2,1,0
127,14,11,10,9,6,3,1,0
127,14,11,10,9,7,3,1,0
127,14,11,10,9,8,6,3,0
127,14,11,10,9,8,6,4,3,2,0
127,14,11,10,9,8,7,6,4,3,2,1,0
127,14,12,7,6,3,2,1,0
127,14,12,8,6,4,0
127,14,12,8,6,5,4,2,0
127,14,12,9,8,5,3,1,0
127,14,12,9,8,6,3,1,0
127,14,12,9,8,6,5,2,0
127,14,12,9,8,7,6,5,2,1,0
127,14,12,10,0
127,14,12,10,6,5,4,3,0
127,14,12,10,8,7,6,3,2,1,0
127,14,12,10,9,4,3,2,0
127,14,12,10,9,5,3,1,0
127,14,12,10,9,8,7,6,2,1,0
127,14,12,10,9,8,7,6,4,2,0
127,14,12,11,5,1,0
127,14,12,11,7,6,0
127,14,12,11,7,6,4,3,2,1,0
127,14,12,11,9,6,2,1,0
127,14,12,11,9,7,6,2,0
127,14,12,11,9,7,6,5,4,3,2,1,0
127,14,12,11,10,8,6,5,4,1,0
127,14,12,11,10,8,7,5,3,1,0
127,14,12,11,10,9,4,3,2,1,0
127,14,12,11,10,9,7,6,4,3,0
127,14,12,11,10,9,8,7,5,3,2,1,0
127,14,13,7,3,2,0
127,14,13,8,5,4,3,2,0
127,14,13,9,4,2,0
127,14,13,9,6,4,3,1,0
127,14,13,9,7,6,5,3,0
127,14,13,9,8,5,0
127,14,13,9,8,6,5,4,2,1,0
127,14,13,9,8,7,6,4,3,1,0
127,14,13,10,6,3,2,1,0
127,14,13,10,8,4,3,2,0
127,14,13,10,8,5,4,3,0
127,14,13,10,8,7,5,4,3,1,0
127,14,13,10,8,7,6,5,2,1,0
127,14,13,10,8,7,6,5,4,2,0
127,14,13,10,9,2,0
127,14,13,10,9,3,2,1,0
127,14,13,10,9,8,6,3,2,1,0
127,14,13,10,9,8,6,5,4,2,0
127,14,13,11,7,4,0
127,14,13,11,7,4,3,2,0
127,14,13,11,9,6,5,3,0
127,14,13,11,9,7,5,4,0
127,14,13,11,9,8,4,3,2,1,0
127,14,13,11,9,8,7,6,5,1,0
127,14,13,11,10,7,5,4,2,1,0
127,14,13,11,10,7,6,3,0
127,14,13,11,10,7,6,5,4,1,0
127,14,13,11,10,8,6,4,2,1,0
127,14,13,11,10,8,7,5,4,1,0
127,14,13,11,10,9,5,1,0
127,14,13,11,10,9,5,2,0
127,14,13,11,10,9,6,4,3,1,0
127,14,13,11,10,9,8,5,2,1,0
127,14,13,12,8,7,4,3,0
127,14,13,12,8,7,6,5,4,2,0
127,14,13,12,9,8,6,4,2,1,0
127,14,13,12,10,7,6,4,3,2,0
127,14,13,12,10,8,5,4,3,2,0
127,14,13,12,10,9,8,7,6,4,0
127,14,13,12,10,9,8,7,6,4,3,1,0
127,14,13,12,11,5,2,1,0
127,14,13,12,11,6,4,1,0
127,14,13,12,11,8,5,2,0
127,14,13,12,11,8,7,4,0
127,14,13,12,11,9,5,3,0
127,14,13,12,11,9,7,6,5,4,2,1,0
127,14,13,12,11,9,8,7,4,2,0
127,14,13,12,11,9,8,7,6,1,0
127,14,13,12,11,9,8,7,6,5,4,2,0
127,14,13,12,11,10,6,5,4,3,0
127,14,13,12,11,10,7,6,4,1,0
127,14,13,12,11,10,9,7,4,1,0
127,14,13,12,11,10,9,7,4,3,0
127,14,13,12,11,10,9,7,6,5,4,3,2,1,0
127,14,13,12,11,10,9,8,6,5,4,2,0
127,15,0
127,15,7,3,0
127,15,7,4,0
127,15,8,2,0
127,15,9,7,0
127,15,9,7,3,2,0
127,15,9,7,6,3,0
127,15,9,7,6,4,3,1,0
127,15,9,8,7,4,2,1,0
127,15,9,8,7,4,3,1,0
127,15,10,5,0
127,15,10,8,6,5,4,1,0
127,15,10,8,7,6,2,1,0
127,15,10,8,7,6,5,4,3,1,0
127,15,10,9,7,5,3,1,0
127,15,10,9,7,5,4,3,2,1,0
127,15,10,9,8,4,2,1,0
127,15,10,9,8,7,6,5,4,3,0
127,15,11,7,0
127,15,11,7,6,5,0
127,15,11,8,7,4,2,1,0
127,15,11,8,7,6,5,2,0
127,15,11,9,3,2,0
127,15,11,9,8,6,0
127,15,11,9,8,6,3,1,0
127,15,11,9,8,6,5,2,0
127,15,11,9,8,7,6,4,3,1,0
127,15,11,10,6,5,4,3,0
127,15,11,10,7,5,2,1,0
127,15,11,10,8,6,5,3,0
127,15,11,10,8,6,5,4,3,1,0
127,15,11,10,9,5,3,1,0
127,15,11,10,9,5,4,1,0
127,15,11,10,9,8,7,5,4,3,0
127,15,12,3,0
127,15,12,8,4,3,0
127,15,12,9,5,1,0
127,15,12,9,6,4,0
127,15,12,9,8,6,5,4,0
127,15,12,9,8,7,6,4,3,1,0
127,15,12,9,8,7,6,5,4,1,0
127,15,12,10,6,2,0
127,15,12,10,6,5,4,2,0
127,15,12,10,7,3,2,1,0
127,15,12,10,7,5,3,2,0
127,15,12,10,8,6,3,2,0
127,15,12,10,8,7,3,2,0
127,15,12,10,9,6,4,3,0
127,15,12,11,8,7,3,1,0
127,15,12,11,8,7,4,1,0
127,15,12,11,8,7,6,5,0
127,15,12,11,9,5,4,2,0
127,15,12,11,9,7,2,1,0
127,15,12,11,9,8,5,4,2,1,0
127,15,12,11,10,5,4,3,2,1,0
127,15,12,11,10,7,4,3,2,1,0
127,15,12,11,10,7,6,5,2,1,0
127,15,12,11,10,8,6,5,4,2,0
127,15,12,11,10,8,7,1,0
127,15,12,11,10,9,0
127,15,12,11,10,9,6,5,0
127,15,12,11,10,9,8,4,3,1,0
127,15,12,11,10,9,8,5,0
127,15,12,11,10,9,8,5,2,1,0
127,15,12,11,10,9,8,7,4,3,0
127,15,12,11,10,9,8,7,5,1,0
127,15,13,3,0
127,15,13,6,5,2,0
127,15,13,7,6,5,4,3,0
127,15,13,8,5,4,0
127,15,13,8,7,4,3,2,0
127,15,13,9,6,5,4,1,0
127,15,13,9,7,3,0
127,15,13,9,7,5,3,1,0
127,15,13,9,7,6,4,2,0
127,15,13,9,8,7,6,2,0
127,15,13,9,8,7,6,5,0
127,15,13,9,8,7,6,5,4,3,0
127,15,13,10,7,4,3,1,0
127,15,13,10,8,5,2,1,0
127,15,13,10,8,7,6,5,0
127,15,13,10,8,7,6,5,4,1,0
127,15,13,10,9,7,3,2,0
127,15,13,10,9,7,6,4,0
127,15,13,10,9,8,6,5,3,1,0
127,15,13,10,9,8,7,4,3,2,0
127,15,13,10,9,8,7,5,0
127,15,13,11,5,4,3,1,0
127,15,13,11,7,6,5,1,0
127,15,13,11,8,7,4,1,0
127,15,13,11,8,7,4,3,0
127,15,13,11,8,7,5,2,0
127,15,13,11,9,3,2,1,0
127,15,13,11,9,5,3,2,0
127,15,13,11,9,6,4,2,0
127,15,13,11,9,7,5,3,0
127,15,13,11,9,7,6,4,0
127,15,13,11,9,7,6,5,4,2,0
127,15,13,11,10,3,2,1,0
127,15,13,11,10,6,2,1,0
127,15,13,11,10,6,4,3,0
127,15,13,11,10,6,4,3,2,1,0
127,15,13,11,10,7,2,1,0
127,15,13,11,10,8,6,5,4,2,0
127,15,13,11,10,8,7,6,5,4,3,1,0
127,15,13,11,10,9,8,7,6,4,2,1,0
127,15,13,12,7,6,2,1,0
127,15,13,12,9,4,2,1,0
127,15,13,12,9,6,5,4,3,2,0
127,15,13,12,9,7,6,4,3,1,0
127,15,13,12,9,8,4,2,0
127,15,13,12,9,8,6,3,0
127,15,13,12,10,6,2,1,0
127,15,13,12,10,8,7,2,0
127,15,13,12,10,8,7,6,5,1,0
127,15,13,12,10,9,5,4,0
127,15,13,12,10,9,6,5,3,2,0
127,15,13,12,10,9,8,6,5,4,0
127,15,13,12,10,9,8,7,0
127,15,13,12,10,9,8,7,4,3,2,1,0
127,15,13,12,10,9,8,7,5,1,0
127,15,13,12,11,7,4,3,2,1,0
127,15,13,12,11,7,5,3,2,1,0
127,15,13,12,11,8,5,4,3,1,0
127,15,13,12,11,8,7,6,4,1,0
127,15,13,12,11,9,4,1,0
127,15,13,12,11,9,5,1,0
127,15,13,12,11,9,7,1,0
127,15,13,12,11,9,7,2,0
127,15,13,12,11,9,7,5,4,3,0
127,15,13,12,11,9,7,6,4,3,2,1,0
127,15,13,12,11,10,6,5,2,1,0
127,15,13,12,11,10,8,5,4,2,0
127,15,13,12,11,10,8,6,2,1,0
127,15,13,12,11,10,9,7,6,5,3,2,0
127,15,13,12,11,10,9,8,4,2,0
127,15,13,12,11,10,9,8,6,5,2,1,0
127,15,13,12,11,10,9,8,7,6,4,3,0
127,15,13,12,11,10,9,8,7,6,5,4,3,1,0
127,15,13,12,11,10,9,8,7,6,5,4,3,2,0
127,15,14,8,6,5,3,2,0
127,15,14,8,7,4,0
127,15,14,9,6,5,4,1,0
127,15,14,10,6,2,0
127,15,14,10,7,6,5,4,3,1,0
127,15,14,10,7,6,5,4,3,2,0
127,15,14,10,8,4,3,1,0
127,15,14,10,8,7,5,3,2,1,0
127,15,14,10,9,6,5,1,0
127,15,14,10,9,6,5,4,0
127,15,14,10,9,7,5,4,0
127,15,14,10,9,8,6,5,4,1,0
127,15,14,10,9,8,6,5,4,2,0
127,15,14,10,9,8,7,3,2,1,0
127,15,14,11,7,5,4,3,2,1,0
127,15,14,11,9,6,4,3,0
127,15,14,11,9,6,5,3,2,1,0
127,15,14,11,9,8,6,2,0
127,15,14,11,9,8,7,6,5,2,0
127,15,14,11,10,4,2,1,0
127,15,14,11,10,5,0
127,15,14,11,10,5,2,1,0
127,15,14,11,10,7,6,4,3,1,0
127,15,14,11,10,8,6,5,0
127,15,14,11,10,8,7,6,3,2,0
127,15,14,11,10,9,3,2,0
127,15,14,11,10,9,5,4,3,2,0
127,15,14,11,10,9,7,6,4,2,0
127,15,14,11,10,9,8,6,4,2,0
127,15,14,11,10,9,8,7,4,3,0
127,15,14,11,10,9,8,7,6,1,0
127,15,14,11,10,9,8,7,6,2,0
127,15,14,12,6,5,4,1,0
127,15,14,12,7,2,0
127,15,14,12,7,4,3,2,0
127,15,14,12,8,1,0
127,15,14,12,8,5,4,3,2,1,0
127,15,14,12,9,3,2,1,0
127,15,14,12,9,7,6,3,0
127,15,14,12,9,7,6,5,3,1,0
127,15,14,12,9,7,6,5,4,1,0
127,15,14,12,9,8,6,1,0
127,15,14,12,9,8,7,1,0
127,15,14,12,10,8,7,5,3,1,0
127,15,14,12,10,9,6,5,3,2,0
127,15,14,12,10,9,7,6,4,3,2,1,0
127,15,14,12,10,9,7,6,5,3,2,1,0
127,15,14,12,10,9,8,6,4,1,0
127,15,14,12,10,9,8,7,4,2,0
127,15,14,12,11,5,4,3,2,1,0
127,15,14,12,11,7,4,3,0
127,15,14,12,11,7,4,3,2,1,0
127,15,14,12,11,8,6,4,3,2,0
127,15,14,12,11,9,8,6,3,2,0
127,15,14,12,11,10,7,1,0
127,15,14,12,11,10,7,5,4,3,0
127,15,14,12,11,10,9,6,3,2,0
127,15,14,12,11,10,9,6,5,4,2,1,0
127,15,14,12,11,10,9,7,0
127,15,14,12,11,10,9,7,5,1,0
127,15,14,12,11,10,9,8,6,4,3,1,0
127,15,14,13,6,2,0
127,15,14,13,7,4,3,2,0
127,15,14,13,7,6,4,2,0
127,15,14,13,8,5,4,3,2,1,0
127,15,14,13,8,7,5,4,0
127,15,14,13,9,7,6,5,3,1,0
127,15,14,13,9,8,3,2,0
127,15,14,13,9,8,4,1,0
127,15,14,13,9,8,7,4,3,2,0
127,15,14,13,9,8,7,6,4,1,0
127,15,14,13,9,8,7,6,5,4,0
127,15,14,13,10,5,4,1,0
127,15,14,13,10,7,4,3,2,1,0
127,15,14,13,10,7,6,3,2,1,0
127,15,14,13,10,9,7,5,0
127,15,14,13,10,9,7,6,3,2,0
127,15,14,13,10,9,7,6,5,4,2,1,0
127,15,14,13,10,9,8,4,0
127,15,14,13,10,9,8,7,5,3,0
127,15,14,13,10,9,8,7,5,3,2,1,0
127,15,14,13,11,8,7,6,3,2,0
127,15,14,13,11,9,6,5,4,3,2,1,0
127,15,14,13,11,9,8,6,4,2,0
127,15,14,13,11,10,7,6,3,2,0
127,15,14,13,11,10,8,4,2,1,0
127,15,14,13,11,10,8,7,6,5,3,2,0
127,15,14,13,11,10,9,6,5,4,3,2,0
127,15,14,13,11,10,9,7,3,1,0
127,15,14,13,11,10,9,7,5,2,0
127,15,14,13,11,10,9,7,6,3,0
127,15,14,13,11,10,9,7,6,4,3,1,0
127,15,14,13,11,10,9,8,4,2,0
127,15,14,13,11,10,9,8,5,4,3,1,0
127,15,14,13,12,7,5,4,3,1,0
127,15,14,13,12,8,7,6,5,1,0
127,15,14,13,12,9,5,4,0
127,15,14,13,12,9,8,4,0
127,15,14,13,12,9,8,7,5,4,3,2,0
127,15,14,13,12,10,4,3,0
127,15,14,13,12,10,7,3,0
127,15,14,13,12,10,7,6,5,4,0
127,15,14,13,12,10,8,6,4,2,0
127,15,14,13,12,10,9,7,5,1,0
127,15,14,13,12,10,9,7,5,4,0
127,15,14,13,12,10,9,8,7,1,0
127,15,14,13,12,10,9,8,7,2,0
127,15,14,13,12,10,9,8,7,6,5,3,0
127,15,14,13,12,10,9,8,7,6,5,4,3,2,0
127,15,14,13,12,11,7,5,3,1,0
127,15,14,13,12,11,8,7,5,3,2,1,0
127,15,14,13,12,11,9,6,5,4,3,2,0
127,15,14,13,12,11,9,7,0
127,15,14,13,12,11,9,7,4,1,0
127,15,14,13,12,11,9,8,6,5,4,1,0
127,15,14,13,12,11,9,8,7,6,3,1,0
127,15,14,13,12,11,10,6,4,1,0
127,15,14,13,12,11,10,7,4,3,2,1,0
127,15,14,13,12,11,10,9,6,3,2,1,0
127,15,14,13,12,11,10,9,8,7,5,4,0
127,15,14,13,12,11,10,9,8,7,6,5,4,3,2,1,0
127,16,6,5,3,2,0
127,16,8,6,5,1,0
127,16,9,5,2,1,0
127,16,9,6,5,4,3,1,0
127,16,9,7,6,1,0
127,16,9,7,6,5,4,2,0
127,16,9,8,6,4,3,1,0
127,16,10,7,5,2,0
127,16,10,8,5,4,3,1,0
127,16,10,8,7,4,3,2,0
127,16,10,8,7,6,5,1,0
127,16,10,9,4,3,0
127,16,10,9,5,3,2,1,0
127,16,10,9,7,5,0
127,16,10,9,8,7,6,2,0
127,16,10,9,8,7,6,3,0
127,16,11,5,4,3,2,1,0
127,16,11,7,4,2,0
127,16,11,8,0
127,16,11,8,7,5,4,3,2,1,0
127,16,11,8,7,6,3,1,0
127,16,11,9,7,4,2,1,0
127,16,11,9,8,5,2,1,0
127,16,11,9,8,7,6,4,3,1,0
127,16,11,10,6,1,0
127,16,11,10,6,4,3,2,0
127,16,11,10,7,6,5,4,3,1,0
127,16,11,10,8,7,5,4,3,2,0
