#
# Binary normal primitive polynomials with lowest-most possible set bits.
# These are the minimal numbers with the corresponding
# polynomial of given degree primitive.
#.
# Generated by Joerg Arndt, 2005-January-26
#

2,1,0
3,2,0
4,3,0
5,4,2,1,0
6,5,0
7,6,0
8,7,2,1,0
9,8,4,1,0
10,9,4,1,0
11,10,3,1,0
12,11,6,4,2,1,0
13,12,2,1,0
14,13,3,2,0
15,14,0
16,15,4,1,0
17,16,3,1,0
18,17,5,1,0
19,18,5,1,0
20,19,4,3,0
21,20,6,3,2,1,0
22,21,0
23,22,2,1,0
24,23,7,5,3,1,0
25,24,6,1,0
26,25,5,1,0
27,26,3,2,0
28,27,5,4,0
29,28,6,5,4,2,0
30,29,6,5,4,1,0
31,30,6,5,4,3,0
32,31,3,1,0
33,32,6,2,0
34,33,4,1,0
35,34,3,2,0
36,35,6,3,2,1,0
37,36,4,2,0
38,37,5,3,0
39,38,4,3,2,1,0
40,39,6,4,3,1,0
41,40,3,2,0
42,41,5,4,0
43,42,3,1,0
44,43,6,5,2,1,0
45,44,5,4,2,1,0
46,45,6,4,3,1,0
47,46,5,3,0
48,47,6,4,3,1,0
49,48,4,1,0
50,49,6,5,4,1,0
51,50,6,4,3,2,0
52,51,7,6,0
53,52,2,1,0
54,53,6,5,4,3,2,1,0
55,54,2,1,0
56,55,3,1,0
57,56,4,3,2,1,0
58,57,4,2,0
59,58,6,4,0
60,59,0
61,60,4,3,0
62,61,3,1,0
63,62,0
64,63,6,4,0
65,64,4,3,2,1,0
66,65,7,2,0
67,66,5,2,0
68,67,5,4,0
69,68,6,3,2,1,0
70,69,3,1,0
71,70,6,5,4,3,0
72,71,4,1,0
73,72,5,2,0
74,73,6,4,2,1,0
75,74,4,2,0
76,75,3,1,0
77,76,7,6,2,1,0
78,77,5,4,3,1,0
79,78,7,5,2,1,0
80,79,5,4,3,1,0
81,80,4,3,2,1,0
82,81,7,5,4,3,2,1,0
83,82,4,3,0
84,83,6,5,0
85,84,7,5,4,3,2,1,0
86,85,4,3,0
87,86,6,5,4,3,2,1,0
88,87,5,4,3,2,0
89,88,7,5,4,1,0
90,89,7,6,4,3,2,1,0
91,90,5,4,2,1,0
92,91,6,4,2,1,0
93,92,7,6,2,1,0
94,93,6,5,4,3,2,1,0
95,94,7,6,5,1,0
96,95,7,4,2,1,0
97,96,4,1,0
98,97,6,4,3,2,0
99,98,8,7,5,4,2,1,0
100,99,7,5,0
101,100,8,6,4,3,0
102,101,9,6,4,2,0
103,102,6,5,4,3,2,1,0
104,103,7,5,3,1,0
105,104,7,4,2,1,0
106,105,6,1,0
107,106,5,3,2,1,0
108,107,6,5,3,1,0
109,108,6,5,4,3,2,1,0
110,109,7,6,5,2,0
111,110,6,3,2,1,0
112,111,4,2,0
113,112,3,2,0
114,113,7,5,4,2,0
115,114,5,2,0
116,115,8,1,0
117,116,5,4,2,1,0
118,117,8,6,3,2,0
119,118,6,5,4,3,0
120,119,10,7,5,4,2,1,0
121,120,6,3,0
122,121,8,4,3,2,0
123,122,8,7,6,5,2,1,0
124,123,9,8,6,4,0
125,124,8,5,3,2,0
126,125,9,7,5,1,0
127,126,7,4,3,1,0
128,127,7,5,3,2,0
129,128,5,1,0
130,129,9,6,4,2,0
131,130,8,5,3,2,0
132,131,9,8,5,4,3,2,0
133,132,8,6,5,4,0
134,133,4,3,2,1,0
135,134,5,4,0
136,135,7,2,0
137,136,5,4,3,2,0
138,137,6,4,3,2,0
139,138,8,6,4,2,0
140,139,5,4,3,1,0
141,140,8,7,6,5,4,3,0
142,141,7,1,0
143,142,5,3,0
144,143,8,7,6,5,3,2,0
145,144,5,1,0
146,145,7,5,4,1,0
147,146,10,5,2,1,0
148,147,3,1,0
149,148,7,6,2,1,0
150,149,8,7,3,1,0
151,150,6,4,0
152,151,3,2,0
153,152,5,1,0
154,153,4,2,0
155,154,7,4,2,1,0
156,155,11,9,8,7,6,4,3,2,0
157,156,9,6,4,1,0
158,157,6,5,3,1,0
159,158,4,3,2,1,0
160,159,7,5,4,3,2,1,0
161,160,6,5,4,3,0
162,161,9,8,7,6,5,4,2,1,0
163,162,7,6,5,4,3,2,0
164,163,8,5,3,1,0
165,164,9,7,6,5,2,1,0
166,165,6,4,3,1,0
167,166,8,4,3,1,0
168,167,10,8,5,4,2,1,0
169,168,5,1,0
170,169,8,7,5,3,2,1,0
171,170,9,6,5,1,0
172,171,8,4,3,2,0
173,172,8,6,5,4,0
174,173,9,5,3,2,0
175,174,7,5,2,1,0
176,175,7,6,3,2,0
177,176,6,5,0
178,177,8,6,5,4,3,2,0
179,178,6,5,3,1,0
180,179,8,7,0
181,180,8,7,6,4,3,1,0
182,181,5,4,3,2,0
183,182,2,1,0
184,183,6,5,3,2,0
185,184,4,3,2,1,0
186,185,9,3,2,1,0
187,186,9,3,2,1,0
188,187,6,5,2,1,0
189,188,9,7,5,4,0
190,189,9,7,6,5,0
191,190,7,5,3,2,0
192,191,7,5,3,1,0
193,192,7,6,3,1,0
194,193,7,4,2,1,0
195,194,7,5,4,1,0
196,195,5,4,2,1,0
197,196,6,4,0
198,197,6,5,3,1,0
199,198,4,2,0
200,199,9,8,5,2,0
201,200,7,6,3,1,0
202,201,6,4,3,2,0
203,202,6,1,0
204,203,10,7,6,5,4,3,2,1,0
205,204,7,6,5,4,2,1,0
206,205,7,6,0
207,206,7,5,4,3,0
208,207,5,2,0
209,208,6,4,2,1,0
210,209,9,8,7,5,2,1,0
211,210,6,5,4,2,0
212,211,2,1,0
213,212,8,6,4,1,0
214,213,10,7,5,4,2,1,0
215,214,7,6,5,1,0
216,215,8,7,6,3,0
217,216,9,7,5,4,2,1,0
218,217,5,4,3,2,0
219,218,9,6,5,3,0
220,219,9,8,7,5,0
221,220,8,5,3,2,0
222,221,8,6,3,1,0
223,222,10,7,6,5,4,3,0
224,223,10,7,6,3,2,1,0
225,224,9,3,0
226,225,8,5,0
227,226,5,1,0
228,227,10,8,7,5,3,2,0
229,228,8,7,6,5,0
230,229,3,2,0
231,230,6,3,2,1,0
232,231,5,4,3,2,0
233,232,5,3,0
234,233,9,7,4,3,0
235,234,8,2,0
236,235,6,4,2,1,0
237,236,6,4,2,1,0
238,237,10,6,5,4,2,1,0
239,238,9,8,7,5,0
240,239,9,2,0
241,240,3,1,0
242,241,6,5,4,2,0
243,242,9,8,7,6,5,2,0
244,243,9,6,5,4,0
245,244,9,8,6,5,2,1,0
246,245,9,8,7,6,5,3,2,1,0
247,246,9,4,0
248,247,10,9,7,1,0
249,248,3,2,0
250,249,9,7,6,2,0
251,250,6,5,4,2,0
252,251,6,5,0
253,252,7,6,5,4,2,1,0
254,253,7,6,3,2,0
255,254,9,8,6,2,0
256,255,10,8,5,2,0
257,256,7,5,3,2,0
258,257,10,7,4,3,2,1,0
259,258,7,6,5,3,0
260,259,7,4,3,1,0
261,260,7,5,0
262,261,7,6,5,4,2,1,0
263,262,9,6,5,4,3,1,0
264,263,11,9,8,7,6,5,3,1,0
265,264,8,3,2,1,0
266,265,10,8,7,6,5,4,0
267,266,8,7,5,4,3,2,0
268,267,8,6,5,1,0
269,268,4,2,0
270,269,9,6,5,4,2,1,0
271,270,7,6,0
272,271,9,8,7,6,4,3,0
273,272,10,7,5,2,0
274,273,9,5,4,2,0
275,274,10,3,0
276,275,10,5,4,3,0
277,276,6,5,4,3,0
278,277,4,3,0
279,278,6,3,2,1,0
280,279,8,7,4,2,0
281,280,6,1,0
282,281,9,8,7,6,4,1,0
283,282,6,5,4,2,0
284,283,8,3,0
285,284,9,7,5,4,0
286,285,9,7,6,5,3,2,0
287,286,9,6,3,2,0
288,287,9,8,6,5,4,2,0
289,288,6,5,3,2,0
290,289,9,7,5,1,0
291,290,7,6,4,3,0
292,291,7,4,3,1,0
293,292,5,3,2,1,0
294,293,8,7,4,3,0
295,294,7,4,2,1,0
296,295,9,8,7,2,0
297,296,4,2,0
298,297,8,7,4,1,0
299,298,8,5,3,2,0
300,299,8,7,2,1,0
301,300,9,8,7,6,5,3,0
302,301,10,7,6,5,2,1,0
303,302,10,8,3,1,0
304,303,10,1,0
305,304,9,7,3,2,0
306,305,8,6,5,3,2,1,0
307,306,5,4,2,1,0
308,307,7,5,0
309,308,10,9,5,3,0
310,309,9,7,6,5,3,2,0
311,310,7,6,4,1,0
312,311,9,8,7,5,4,2,0
313,312,7,6,5,4,3,1,0
314,313,7,5,3,2,0
315,314,9,7,6,1,0
316,315,9,7,4,3,0
317,316,7,2,0
318,317,9,6,5,4,3,1,0
319,318,5,4,0
320,319,11,7,6,4,2,1,0
321,320,10,7,5,1,0
322,321,10,9,8,7,5,4,3,1,0
323,322,8,7,5,3,2,1,0
324,323,9,7,5,1,0
325,324,7,5,4,3,2,1,0
326,325,7,5,4,3,2,1,0
327,326,8,7,4,3,0
328,327,8,6,2,1,0
329,328,6,5,4,1,0
330,329,10,9,7,6,0
331,330,8,2,0
332,331,11,7,5,4,3,2,0
333,332,8,7,6,5,4,2,0
334,333,7,5,4,3,2,1,0
335,334,7,3,2,1,0
336,335,9,6,5,1,0
337,336,8,5,0
338,337,7,6,5,3,0
339,338,7,2,0
340,339,8,6,3,2,0
341,340,8,5,3,1,0
342,341,7,5,3,1,0
343,342,7,6,0
344,343,9,6,3,2,0
345,344,8,7,2,1,0
346,345,7,3,0
347,346,9,7,4,2,0
348,347,9,3,2,1,0
349,348,9,6,5,2,0
350,349,7,3,0
351,350,10,7,6,5,4,3,0
352,351,7,2,0
353,352,7,5,3,2,0
354,353,9,8,7,4,3,2,0
355,354,8,7,5,4,2,1,0
356,355,7,6,5,3,0
357,356,8,7,6,4,3,2,0
358,357,8,7,6,5,4,3,0
359,358,4,2,0
360,359,11,10,9,8,6,2,0
361,360,9,8,6,1,0
362,361,7,5,0
363,362,10,9,8,7,3,1,0
364,363,7,6,4,3,0
365,364,7,4,2,1,0
366,365,8,7,5,2,0
367,366,4,2,0
368,367,8,7,3,1,0
369,368,7,5,0
370,369,9,8,5,4,3,1,0
371,370,10,9,7,2,0
372,371,10,9,6,1,0
373,372,8,6,3,2,0
374,373,6,5,3,1,0
375,374,10,8,5,2,0
376,375,10,9,7,3,2,1,0
377,376,8,6,5,2,0
378,377,9,6,4,2,0
379,378,8,6,5,4,0
380,379,2,1,0
381,380,9,7,6,1,0
382,381,7,6,3,1,0
383,382,4,2,0
384,383,11,6,4,3,2,1,0
385,384,11,6,5,1,0
386,385,9,6,5,1,0
387,386,9,7,2,1,0
388,387,9,8,5,4,3,2,0
389,388,9,6,5,4,0
390,389,6,3,0
391,390,7,2,0
392,391,11,10,6,4,3,1,0
393,392,8,6,0
394,393,6,3,0
395,394,6,1,0
396,395,10,9,7,2,0
397,396,8,7,6,5,4,3,0
398,397,9,8,6,1,0
399,398,8,6,5,3,0
400,399,9,8,3,2,0
