#
# Binary irreducible polynomials with lowest-most possible set bits.
# These are the minimal numbers with the corresponding
# irreducible polynomial of given degree.
# These are _not_ primitive in general.
#.
# Generated by Joerg Arndt, 2003-February-01
#

2,1,0
3,1,0
4,1,0
5,2,0
6,1,0
7,1,0
8,4,3,1,0
9,1,0
10,3,0
11,2,0
12,3,0
13,4,3,1,0
14,5,0
15,1,0
16,5,3,1,0
17,3,0
18,3,0
19,5,2,1,0
20,3,0
21,2,0
22,1,0
23,5,0
24,4,3,1,0
25,3,0
26,4,3,1,0
27,5,2,1,0
28,1,0
29,2,0
30,1,0
31,3,0
32,7,3,2,0
33,6,3,1,0
34,4,3,1,0
35,2,0
36,5,4,2,0
37,5,4,3,2,1,0
38,6,5,1,0
39,4,0
40,5,4,3,0
41,3,0
42,5,2,1,0
43,6,4,3,0
44,5,0
45,4,3,1,0
46,1,0
47,5,0
48,5,3,2,0
49,6,5,4,0
50,4,3,2,0
51,6,3,1,0
52,3,0
53,6,2,1,0
54,6,5,4,3,2,0
55,6,2,1,0
56,7,4,2,0
57,4,0
58,6,5,1,0
59,6,5,4,3,1,0
60,1,0
61,5,2,1,0
62,6,5,3,0
63,1,0
64,4,3,1,0
65,4,3,1,0
66,3,0
67,5,2,1,0
68,7,5,1,0
69,6,5,2,0
70,5,3,1,0
71,5,3,1,0
72,6,4,3,2,1,0
73,4,3,2,0
74,6,2,1,0
75,6,3,1,0
76,5,4,2,0
77,6,5,2,0
78,6,4,3,2,1,0
79,4,3,2,0
80,7,5,3,2,1,0
81,4,0
82,7,6,4,2,1,0
83,7,4,2,0
84,5,0
85,8,2,1,0
86,6,5,2,0
87,7,5,1,0
88,5,4,3,2,1,0
89,6,5,3,0
90,5,3,2,0
91,7,6,5,3,2,0
92,6,5,2,0
93,2,0
94,6,5,1,0
95,6,5,4,2,1,0
96,6,5,3,2,1,0
97,6,0
98,7,4,3,0
99,6,3,1,0
100,6,5,2,0
101,7,6,1,0
102,6,5,3,0
103,7,5,4,3,2,0
104,4,3,1,0
105,4,0
106,6,5,1,0
107,7,5,3,2,1,0
108,6,4,1,0
109,5,4,2,0
110,6,4,1,0
111,7,4,2,0
112,5,4,3,0
113,5,3,2,0
114,5,3,2,0
115,7,5,3,2,1,0
116,4,2,1,0
117,5,2,1,0
118,6,5,2,0
119,8,0
120,4,3,1,0
121,8,5,1,0
122,6,2,1,0
123,2,0
124,6,5,4,3,2,0
125,7,5,3,2,1,0
126,7,4,2,0
127,1,0
128,7,2,1,0
129,5,0
130,3,0
131,7,6,5,4,1,0
132,6,5,4,2,1,0
133,6,5,3,2,1,0
134,7,5,1,0
135,6,4,3,0
136,5,3,2,0
137,8,5,4,3,2,0
138,8,6,5,3,2,0
139,7,5,3,2,1,0
140,6,4,1,0
141,8,7,5,3,1,0
142,7,6,5,4,1,0
143,5,3,2,0
144,7,4,2,0
145,6,5,1,0
146,5,3,2,0
147,5,4,3,2,1,0
148,7,5,3,0
149,9,7,6,5,4,3,1,0
150,5,4,2,0
151,3,0
152,6,3,2,0
153,1,0
154,7,6,5,0
155,7,5,4,0
156,6,5,3,0
157,6,5,2,0
158,8,5,4,2,1,0
159,6,5,4,3,1,0
160,5,3,2,0
161,6,3,2,0
162,7,6,5,2,1,0
163,7,6,3,0
164,8,7,6,5,3,2,1,0
165,9,6,4,3,1,0
166,6,5,1,0
167,6,0
168,6,4,3,2,1,0
169,8,6,5,0
170,6,3,2,0
171,5,4,3,2,1,0
172,1,0
173,8,5,2,0
174,6,5,4,3,2,0
175,6,0
176,7,5,4,3,2,0
177,5,3,2,0
178,8,7,2,0
179,4,2,1,0
180,3,0
181,7,6,1,0
182,7,6,5,4,1,0
183,8,7,4,0
184,8,6,4,3,2,0
185,8,3,1,0
186,8,7,4,3,2,0
187,7,6,5,0
188,6,5,2,0
189,6,5,2,0
190,8,7,6,0
191,7,5,4,3,1,0
192,7,2,1,0
193,8,7,6,5,4,2,1,0
194,4,3,2,0
195,7,5,4,2,1,0
196,3,0
197,8,7,6,5,3,2,1,0
198,6,5,3,0
199,7,6,5,3,2,0
200,5,3,2,0
201,6,3,2,0
202,7,6,4,0
203,8,7,1,0
204,5,4,2,0
205,9,5,2,0
206,7,5,3,2,1,0
207,9,6,1,0
208,8,7,6,3,2,0
209,5,3,2,0
210,7,0
211,9,6,5,3,1,0
212,7,4,3,0
213,6,5,2,0
214,5,3,1,0
215,6,5,3,0
216,7,3,1,0
217,6,5,4,0
218,7,6,5,4,2,0
219,7,6,5,4,2,0
220,7,0
221,8,5,4,2,1,0
222,5,4,2,0
223,5,4,2,0
224,8,7,5,4,2,0
225,8,6,5,3,2,0
226,7,6,5,4,2,0
227,6,5,4,3,1,0
228,8,2,1,0
229,9,6,5,2,1,0
230,7,5,4,3,2,0
231,7,4,2,0
232,7,6,5,4,2,0
233,7,5,4,3,2,0
234,8,7,6,3,1,0
235,8,7,6,3,2,0
236,5,0
237,7,4,1,0
238,5,2,1,0
239,5,4,3,2,1,0
240,8,5,3,0
241,8,6,5,4,3,0
242,8,6,5,4,1,0
243,8,5,1,0
244,8,6,5,2,1,0
245,6,4,1,0
246,8,7,5,2,1,0
247,9,4,2,0
248,8,5,4,3,2,0
249,7,4,1,0
250,6,5,3,2,1,0
251,7,4,2,0
252,6,5,4,3,2,0
253,5,4,3,2,1,0
254,7,2,1,0
255,5,3,2,0
256,10,5,2,0
257,7,5,4,3,2,0
258,9,6,4,0
259,8,7,6,5,4,3,1,0
260,6,5,3,0
261,7,6,4,0
262,9,8,4,0
263,9,6,5,4,3,2,1,0
264,9,6,2,0
265,5,3,2,0
266,6,3,2,0
267,8,6,3,0
268,9,8,7,2,1,0
269,7,6,1,0
270,5,4,2,0
271,8,4,3,2,1,0
272,8,7,6,5,1,0
273,7,2,1,0
274,7,6,5,3,2,0
275,8,5,4,3,1,0
276,6,3,1,0
277,7,5,4,2,1,0
278,5,0
279,5,0
280,9,5,2,0
281,9,4,1,0
282,6,3,2,0
283,8,6,5,2,1,0
284,8,6,5,0
285,7,5,3,2,1,0
286,8,7,6,5,4,3,1,0
287,6,5,2,0
288,8,7,6,4,2,0
289,7,6,5,4,2,0
290,5,3,2,0
291,6,5,4,3,1,0
292,7,3,1,0
293,9,6,4,3,1,0
294,7,6,5,4,3,0
295,5,4,2,0
296,7,3,2,0
297,5,0
298,8,5,4,3,1,0
299,7,5,3,2,1,0
300,5,0
301,8,6,5,2,1,0
302,5,4,3,2,1,0
303,1,0
304,5,4,3,2,1,0
305,7,6,2,0
306,7,3,1,0
307,8,4,2,0
308,9,8,7,2,1,0
309,8,6,5,4,1,0
310,8,5,1,0
311,7,5,3,0
312,9,7,4,0
313,7,3,1,0
314,8,6,5,2,1,0
315,6,5,4,3,1,0
316,8,6,5,3,1,0
317,7,4,2,0
318,8,6,5,0
319,8,5,3,2,1,0
320,4,3,1,0
321,7,5,2,0
322,9,7,6,5,4,2,1,0
323,6,5,4,3,1,0
324,4,2,1,0
325,8,6,4,2,1,0
326,10,3,1,0
327,7,6,5,3,2,0
328,8,3,1,0
329,8,5,4,3,2,0
330,6,5,3,2,1,0
331,7,6,5,4,2,0
332,6,2,1,0
333,2,0
334,5,2,1,0
335,9,8,5,4,1,0
336,7,4,1,0
337,7,6,5,2,1,0
338,4,3,1,0
339,7,5,3,2,1,0
340,9,7,6,3,1,0
341,8,4,3,2,1,0
342,8,6,4,3,2,0
343,9,8,7,6,4,3,1,0
344,7,2,1,0
345,8,4,2,0
346,7,6,5,2,1,0
347,7,6,5,4,2,0
348,8,7,4,0
349,6,5,2,0
350,6,5,2,0
351,8,6,3,0
352,7,5,4,3,2,0
353,9,7,4,0
354,9,8,5,3,1,0
355,6,5,1,0
356,7,6,5,2,1,0
357,8,7,6,5,4,0
358,8,6,5,3,1,0
359,8,6,5,2,1,0
360,5,3,2,0
361,7,4,1,0
362,8,7,4,3,1,0
363,8,5,3,0
364,9,0
365,9,6,5,0
366,8,6,5,0
367,7,5,4,3,1,0
368,7,3,2,0
369,10,8,7,6,5,3,1,0
370,5,3,2,0
371,8,3,2,0
372,8,6,5,3,2,0
373,8,7,2,0
374,8,6,5,0
375,4,2,1,0
376,8,7,5,0
377,8,3,1,0
378,9,6,4,0
379,9,8,5,3,1,0
380,10,8,6,5,1,0
381,5,2,1,0
382,9,5,1,0
383,9,5,1,0
384,8,7,6,4,3,2,1,0
385,6,0
386,9,8,7,4,2,0
387,8,7,1,0
388,7,4,3,0
389,7,6,3,2,1,0
390,8,5,4,3,1,0
391,6,2,1,0
392,8,7,4,3,1,0
393,7,0
394,8,7,2,0
395,8,7,6,5,4,2,1,0
396,6,5,4,3,2,0
397,8,7,6,5,1,0
398,7,6,2,0
399,9,6,4,2,1,0
400,5,3,2,0
