# Composites n<2^32 of the form 24k+13 for which
# H_{(n-1)/4}==0 (where H_0=1, H_1=2, H_{k}=4*H_{k-1}-H_{k-2})
# together with up to five bases a<1000 they are strong pseudoprimes to.
#.
# Generated by Joerg Arndt, 2004-September-13
#
2701:   6 16 19 23 24
29341:   2 4 6 8 9
104653:   2 4 8 16 18
141373:   14 48 150 159 171
250717:   8 23 64 68 72
314821:   2 4 6 7 8
458989:   2 4 8 16 27
873181:   2 4 6 8 9
1061341:   8 18 28 31 42
1373653:   2 3 4 6 8
1781221:   27 255 294 327 512
1908397:   9 26 78 81 98
2429389:   25 44 54 129 147
3059101:   7 9 12 13 16
3503197:   170 171 304 426 440
3506221:   72 80 90 125 127
3517069:   29 381 392 450 751
3946717:   39 77 147 204 227
4082653:   6 14 16 17 21
4864501:   16 35 75 81 119
5032309:   186 309 464 472 520
6309901:   6 16 24 36 50
7298101:   50 71 144 191 209
8231653:   7 9 11 12 16
9610597:   7 23 49 54 72
10505701:   5 16 18 25 47
10525813:   381 392 421 488 751
11649541:   42 223 319 499 775
11917141:   17 29 147 175 236
12119101:   5 11 24 25 38
13073941:   3 9 16 17 22
13602973:   50 522
15209533:   192 722 913
15247621:   2 4 6 8 9
16975141:   50 71 144 209 270
17505181:   134 265 363 426 609
17847541:   7 49 117 246 298
18443701:   2 4 6 8 9
18695629:   678
20234341:   5 6 16 22 24
21306157:   2 4 8 16 19
22087477:   2 4 8 16 22
26038381:   543 745 823
26049493:   415 873 989
36765901:   2 4 6 7 8
37962541:   6 11 16 24 29
38560789:   450 992
39447181:   3 9 27 81 85
41672989:   14 54 91 196 251
42606661:   93 94 108 133 229
42702661:   9 10 12 14 16
45679549:   24 95 106 195 269
46880821:   54 450 873
48191653:   2 4 8 16 18
52204237:   2 4 8 15 16
56029933:   15 61 88 140 147
58344301:   50 76 81 92 119
61754941:   3 9 11 16 23
62289541:   6 16 17 20 24
65363101:   8 17 20 50 58
66096253:   2 3 4 6 8
67858957:
69829813:   45 100 101 166 186
71222941:   71 76 738 959
72186421:   3 9 27 29 40
75297637:   56 59 530 644 662
78795181:   6 16 21 23 24
79398901:   2 4 8 10 16
91843981:   17 107 131 138 263
92119861:   28 75 158 303 562
94502701:   2 4 5 6 8
94986949:   13 48 50 111 126
96403933:   149 280 343 520 637
97047301:   16 70 102 150 256
102913501:   120 357 393 428 584
108907021:   50 246 711
116151661:   3 5 7 9 15
118306021:   27 28 29 151 180
121971301:   179 571 606 769 788
133800661:   2 4 5 6 8
133981621:   12 30 32 54 75
137763037:   2 4 8 16 32
143464861:   186 238 628 673 866
144603469:   384 425 992
148910653:   2 4 6 8 9
156583813:   8 18 35 60 64
158427253:
159837949:
167372437:   6 31 33 36 37
167692141:   2 4 8 11 13
168066901:   51 145 224 245 266
172116181:   2 4 6 8 9
174989701:   19 92 108 249 256
177524077:
186162301:   9 50 81 150 168
186323341:   711 716
190420861:   9 81 170 200 236
195045517:   45 71 94 181 206
196049701:   2 4 5 8 10
203906557:   151 162 197
220531501:   2 4 8 16 18
224582221:   6 14 16 21 24
225651469:   14 16 38 46 50
227855101:   201 363 642 699
232771501:   2 4 8 16 32
232794253:   9 12 16 17 39
234870301:   6 11 16 24 28
237217429:   66 114 186 340 376
238001653:   2 4 8 16 18
238608661:   19 30 222 361 392
239547061:   600 722 726 920 969
242650717:   2 4 8 16 17
247003093:   18 20 59 92 115
255194101:
273480637:   2 4 6 8 9
274236901:   26 614 625 650 676
276023701:   28 85 357 370 562
279718909:   42 81 362 378 427
286469461:   37 460 497 560 722
287969917:   12 144 173 322 373
288735277:   2 4 8 16 32
299736181:   2 4 6 8 9
303426061:   356 357 407 428 480
311403061:   6 36 43 45 73
312626341:   68 115 445 493 711
316315117:   6 14 15 26 35
321452029:   147 167 209 504 734
326695141:   2 3 4 6 8
329153653:   2 4 7 8 16
336043621:   14 150 196 478 659
352351693:   17 26 39 80 120
355780717:   433
362619181:   6 22 36 65 75
376889437:
382858477:   418 478
386407477:   6 36 39 50 51
392114269:   817 864
393611653:   2 3 4 6 8
403095421:   3 7 9 16 21
406584037:
418226581:   2 4 7 8 13
437029477:   5 9 15 22 23
463146949:
464193637:   8 64 321 373 421
466758181:   2 4 8 16 17
471812701:   6 16 24 36 50
490518181:   6 10 11 16 24
495159757:   20 24 43 49 63
506068117:   329
506455093:   81 85 223 293 479
524151253:   6 11 14 16 17
543152149:   684
568569781:   9 48 81 163 167
575349781:   24 74 77 182 195
576691741:   3 7 9 10 11
579606301:   2 3 4 6 8
585032053:   134 515 617 680 721
585261637:   2 4 8 16 17
600507277:   16 18 21 29 39
603571429:   519
617773021:   283 475
619742341:   14 54 196 450 549
630062317:   128 162 184 222 223
631884901:   486
640977373:   2 4 8 16 32
646049581:   363
649668421:   230 458 720 901
654649789:   26 41 96 98 103
676094581:   11 121 208 223 312
676880821:   6 13 14 16 19
683251669:   193 201 432 606 643
688436893:   16 123 135 159 162
694656901:   3 9 16 22 27
696447181:   5 6 16 21 22
697395421:   72 73 298 384 450
706363093:   6 36 45 98 117
713983141:   5 6 25 30 36
722499517:
732736621:   6 10 13 15 16
737534101:
739444021:   2 4 6 8 9
740422957:   486 968
745745461:   2 3 4 6 8
765736693:   465 472 715 726 739
769954957:   208 287 589 621 697
775368901:   2 4 6 8 9
775890469:   17 92 98 230 284
775896181:   2 4 8 16 32
777559621:   400
780170869:   41 213 390 521 683
787209277:   2 4 6 8 9
841217653:   2 4 8 16 18
842824981:   2 4 8 16 32
853965421:   5 6 8 22 25
865731133:
892439197:   722
910182781:   15 32 50 147 148
919510381:   59 77 110 112 113
925625341:   62 73 93 96 101
932148253:   2 4 7 8 14
946774981:   9 19 50 57 81
964332181:   81 116 996
979466221:   101 114 176 193 220
1002261781:   2 4 8 16 18
1007848117:   598
1011388141:   6 14 36 85 111
1043221141:   432 483 647
1102573501:   2 4 8 16 32
1105322653:   3 9 13 16 27
1112103541:   7 9 11 12 15
1117968517:   21 109 157 160 166
1121176981:   2 4 6 8 9
1128110173:   14 196 396 461 633
1136350861:
1139434453:   6 7 16 24 26
1152726877:   908
1163928109:   32 37 51 81 85
1166904733:   964
1172712301:   12 40 68 87 90
1175679133:   989
1206982717:
1207416781:
1209229477:   21 28 43 62 79
1221044653:   7 9 12 16 17
1235382133:   293
1236313501:   2 3 4 6 8
1249890013:   54 873
1274890501:
1311004813:   5 25 27 95 125
1354991653:   6 16 22 24 31
1357659997:
1370043133:   5 18 25 90 96
1370223541:   43 152 173 211 228
1375241533:   32 312
1410521941:   6 7 11 16 24
1417268341:   125 243 270 300 385
1444555117:   12 19 23 41 50
1464568381:   2 4 7 8 16
1465454101:   13 16 18 22 30
1473369661:   920
1489028869:   40 84 137 264 507
1494714493:   6 16 23 24 36
1509885877:   26 41 50 81 98
1513035301:   14 32 54 90 109
1595550853:   54 122 200 384 388
1630060261:   268 585 625
1635548221:   6 11 16 24 36
1642783741:   10 26 100 173 653
1665728773:   852
1685919709:   38 54 153 336 372
1686354757:   5 12 25 31 33
1689562981:   11 53 112 121 168
1690914781:   3 9 16 17 23
1711026781:   86 115 150 160 557
1713319453:   3 9 16 23 27
1774341661:   123
1793322301:   8 64 437 512 670
1839904789:   70 102 220 494 574
1850539861:   30 78 184 346 378
1863794773:   462 680 710 905
1875391381:
1879828501:   22 24 28 30 35
1894909141:   2 4 8 16 18
1895100661:   125 486 570 867
1951469101:   6 11 16 19 24
1960927501:
1968002149:   2 4 8 16 32
2001814669:   12 19 42 80 82
2015363533:   7 12 49 78 84
2025796501:   630 800
2027989597:   11 121 142 213 223
2041842541:   41 54 68 132 159
2042467741:   6 16 24 33 35
2051051029:   24 58 71 230 258
2057835781:   2 3 4 6 8
2062472677:   24 28 51 116 179
2084142061:   3 9 27 81 220
2140082101:   16 76 81 98 115
2143114957:   5 6 25 30 36
2144961253:   2 4 8 11 13
2146582621:   5 11 16 18 25
2146972213:   116 160 174 203 220
2148470389:   108 332 587 808 916
2170186021:   5 9 12 14 16
2201924341:   2 4 6 8 9
2217879901:   2 3 4 6 8
2221010749:   11 16 107 121 130
2283430117:   11 15 24 54 82
2297149453:   32 75 78 81 86
2331181621:   2 4 5 8 10
2340094621:
2347597981:   2 4 8 10 16
2368671661:   6 16 24 36 50
2380603501:   6 7 10 11 16
2402174773:   52 54 70 113 153
2470869253:   6 16 19 24 29
2510495989:   10 94 98 100 194
2526457741:   38 52 75 96 115
2531204989:   162 206 228 299 339
2536067917:   81 113 134 137 173
2562814621:   6 16 21 22 24
2574211669:   9 81 83 105 112
2589001309:   11 16 35 54 58
2593833373:   13 56 79 169 177
2615604157:   128 173 188 189 222
2635781461:   10 78 100 129 160
2644235941:   48 150 157 195 233
2652882373:   12 17 42 50 116
2659939453:   3 7 9 16 21
2682936901:   50 116 222 273 314
2705647141:   6 16 17 20 22
2716157989:   2 4 8 16 32
2736291421:   10 69 92 100 283
2745204901:   8 64 150 512
2758259941:   33 160 186 538 588
2763826741:   600 726
2766006253:   2 4 6 7 8
2791053541:   6 7 16 19 23
2819942413:   81 189 240 337 338
2828957797:
2851693501:   7 12 23 29 30
2881429741:   2 4 8 16 18
2957286781:   72 194 606 691 734
2960362693:   14 63 72 107 135
3014261317:   122 149 177 212 262
3033944101:   6 10 13 21 35
3045140893:
3073207933:   40 56 158 195 270
3136803013:   806
3237992101:   2 4 8 16 18
3255458221:   24 54 92 138 178
3257334541:   2 4 8 16 18
3293096101:   989
3336263461:   5 12 25 28 57
3336309061:   291 294 396 506 652
3368436613:   158 186 389 404 437
3397470469:   63 94 129 131 411
3483571381:
3502802461:   139 681 968
3515122717:   8 18 19 35 60
3518548741:   687 989
3550063477:   6 10 13 29 36
3554383141:   3 9 16 23 27
3578189341:   16 21 22 54 61
3597270517:   6 7 16 17 24
3603030637:   15 16 18 19 37
3643480501:   6 29 36 39 40
3654794413:   247 250 377 651 864
3664521781:   50 58 170 265 479
3671088013:   47 161 243 296 332
3764176789:
3767305573:
3789924301:   570 930
3806753317:   996
3813919453:   2 4 6 8 9
3822308461:   9 12 16 22 35
3840296389:   75 145 162 210 256
3890721589:   13 79 169 400 569
3890921317:   29 31 41 50 65
3926883469:   6 36 216 355 579
3933106717:   423
3960653029:   24 39 50 53 59
3992360221:   845
4035028861:   3 7 9 13 16
4036638421:   10 99 100 183 186
4060942381:   2 3 4 6 8
4079877037:   6 8 13 27 36
4103331277:   6 35 36 65 67
4114347781:   13 18 89 169 186
4126619197:   56 234 288 427 467
4147919821:   5 6 7 13 16
4162553701:   879
4168267981:   21 56 87 96 139
4196870581:   27 52 353 436 511
4225613269:   10 100 148 216 233
4250089117:   541 784
4277526901:   2 3 4 6 8
