#
# 'random' binary primitive polynomials
#.
# Generated by Joerg Arndt, 2002-December-16
#

2,1,0
3,2,0
4,3,0
5,3,2,1,0
6,5,0
7,6,3,1,0
8,6,5,3,0
9,5,3,2,0
10,8,4,3,0
11,10,8,7,6,4,2,1,0
12,11,10,9,4,3,0
13,11,10,7,6,4,0
14,13,11,10,9,8,7,6,2,1,0
15,12,11,9,7,5,4,3,0
16,14,13,10,9,8,7,5,4,3,2,1,0
17,11,10,8,7,6,4,1,0
18,16,15,14,13,4,3,2,0
19,15,13,12,11,9,8,5,4,2,0
20,19,18,17,16,13,12,8,7,5,3,2,0
21,19,18,17,16,15,14,13,12,10,3,2,0
22,20,18,16,13,12,10,4,3,1,0
23,21,20,19,18,15,13,12,11,10,7,6,4,2,0
24,20,19,17,15,14,9,7,5,3,0
25,23,22,19,18,17,10,8,6,3,0
26,24,22,21,16,14,11,9,7,1,0
27,26,24,22,19,18,16,14,9,8,7,5,4,3,2,1,0
28,25,24,22,21,17,15,13,12,6,5,3,0
29,28,26,23,22,21,20,18,17,16,15,11,10,8,7,6,5,4,0
30,29,26,25,24,21,19,18,17,13,12,11,3,1,0
31,29,23,21,19,17,15,12,10,8,7,5,4,2,0
32,31,29,28,26,24,23,18,10,9,8,7,6,5,4,1,0
33,31,29,28,27,25,20,19,17,13,11,10,8,6,5,1,0
34,33,31,27,25,24,22,18,16,15,14,12,11,10,9,8,7,6,4,2,0
35,33,32,30,29,27,26,25,24,23,22,21,20,14,10,8,6,3,0
36,35,33,31,30,28,27,26,25,24,20,19,15,11,9,7,5,4,3,2,0
37,35,32,28,25,24,22,21,20,19,17,16,11,8,5,4,3,1,0
38,37,35,34,32,31,29,25,24,23,18,17,16,15,14,13,11,10,7,6,5,4,2,1,0
39,37,35,34,33,31,30,26,22,20,16,15,14,13,12,11,10,9,8,5,4,2,0
40,33,32,30,29,28,27,26,22,21,20,16,12,11,9,7,6,5,3,1,0
41,40,39,38,34,31,29,28,27,26,25,24,23,22,20,18,13,9,8,6,5,4,0
42,41,40,39,38,34,33,32,30,29,27,26,25,23,22,21,20,18,17,16,14,13,12,10,9,8,7,1,0
43,40,39,36,33,30,29,27,26,22,21,17,16,15,13,12,11,9,8,5,3,1,0
44,41,39,34,32,30,29,26,25,24,22,18,17,14,11,9,7,4,0
45,44,38,36,34,32,29,28,27,26,25,23,17,11,10,9,6,5,0
46,43,42,41,36,35,34,33,30,29,28,27,26,24,22,18,17,16,14,13,12,11,10,6,4,3,2,1,0
47,46,45,44,43,40,39,35,33,32,29,27,24,22,21,20,19,18,17,16,15,13,12,11,10,5,3,2,0
48,46,45,44,42,40,36,34,33,32,29,27,26,20,17,16,12,11,10,5,3,1,0
49,48,47,45,44,42,39,38,36,33,31,29,28,26,25,24,21,20,16,13,11,8,3,1,0
50,49,48,47,39,38,34,32,29,28,27,26,25,23,22,14,13,9,4,1,0
51,49,45,43,42,40,39,38,35,34,32,31,30,29,24,22,20,17,15,14,12,10,8,7,0
52,51,50,49,48,47,46,45,41,40,36,34,33,32,27,26,25,24,20,16,13,12,10,9,8,5,3,1,0
53,51,50,48,44,43,42,41,39,38,37,35,34,31,29,28,27,25,24,23,22,21,19,18,17,16,14,13,10,4,3,2,0
54,52,49,47,46,42,41,39,36,34,32,31,30,29,27,26,24,23,22,21,19,17,16,13,12,11,10,9,8,4,3,1,0
55,53,52,51,44,43,42,40,38,35,34,33,29,27,26,25,24,23,20,19,15,11,9,7,6,5,3,1,0
56,54,53,51,50,49,47,46,45,42,40,38,37,36,32,31,30,29,27,26,25,23,22,21,20,18,17,14,12,11,10,9,8,7,5,4,2,1,0
57,56,53,51,50,47,45,43,42,40,38,37,36,35,31,29,26,25,24,23,19,17,16,13,12,11,10,7,4,2,0
58,57,52,50,47,46,42,37,36,35,34,32,28,27,26,25,23,21,20,19,13,9,8,6,5,4,2,1,0
59,58,57,56,55,53,52,51,50,46,45,44,42,39,38,37,36,35,33,31,29,28,25,24,21,20,19,18,17,15,13,12,11,9,6,4,3,2,0
60,54,53,51,50,48,46,43,39,37,36,34,33,31,30,29,28,26,23,20,19,17,15,13,12,11,10,8,7,6,4,3,2,1,0
61,59,58,57,55,54,50,49,48,47,45,39,38,36,35,33,31,30,29,28,27,26,24,21,17,15,14,12,10,9,8,5,2,1,0
62,61,60,59,57,56,55,53,52,48,44,41,39,38,36,33,31,29,28,27,24,23,21,18,17,15,12,9,7,6,3,1,0
63,62,61,60,58,56,54,53,52,51,50,49,46,43,42,38,34,33,25,20,19,18,13,12,11,9,8,1,0
64,63,57,56,51,50,49,48,46,45,44,43,42,40,39,37,36,33,32,30,28,26,20,16,14,13,12,9,8,6,5,1,0
65,64,63,62,61,60,57,55,53,47,46,43,40,39,32,29,27,23,22,21,20,19,18,17,16,15,11,10,6,5,0
66,64,59,57,55,54,49,46,45,40,39,38,36,35,33,30,29,26,24,23,19,16,13,11,8,1,0
67,66,64,63,62,61,59,58,57,55,54,48,47,46,45,43,42,40,39,37,36,35,34,33,32,31,30,28,27,25,23,20,18,17,15,14,13,10,8,6,5,3,2,1,0
68,65,60,59,58,57,55,53,50,49,48,45,37,36,35,29,28,26,24,22,17,13,12,11,8,7,5,4,2,1,0
69,65,64,62,60,53,50,49,48,46,43,42,41,38,37,34,32,31,28,23,22,18,16,15,13,12,11,10,7,4,2,1,0
70,69,67,66,65,63,62,59,58,55,54,51,49,48,46,45,44,42,39,36,35,34,31,30,28,26,25,23,22,21,20,19,18,17,14,13,12,8,6,1,0
71,69,67,66,64,63,61,59,58,56,55,50,47,46,44,38,35,31,30,29,28,26,23,22,20,19,18,17,16,15,12,9,6,4,2,1,0
72,71,70,69,66,64,63,62,61,60,59,57,56,55,54,53,51,48,46,45,44,41,36,35,33,28,26,25,24,23,22,21,18,17,15,14,13,8,7,5,4,3,2,1,0
73,72,71,70,68,67,66,65,60,59,56,55,54,52,46,44,40,39,38,36,34,33,30,27,26,22,21,19,17,16,15,13,10,7,6,5,3,1,0
74,73,70,69,65,63,61,57,56,55,54,51,50,49,47,40,39,37,36,33,32,30,26,25,19,18,13,11,10,3,2,1,0
75,74,73,70,67,64,62,61,57,55,54,52,51,50,49,44,41,37,36,35,34,32,31,29,28,27,26,24,23,22,21,20,19,18,14,13,12,8,7,5,3,2,0
76,71,69,67,63,62,61,58,57,56,54,53,52,51,50,45,43,42,40,38,37,36,34,33,32,30,27,24,22,16,15,14,13,12,4,3,0
77,75,74,73,72,71,66,61,60,59,58,55,52,51,48,47,46,42,41,39,37,36,35,33,32,31,30,27,26,25,24,23,21,19,18,16,14,13,12,11,7,6,5,2,0
78,76,73,72,70,68,67,65,61,60,58,57,53,46,45,41,40,38,36,35,34,31,28,25,23,21,17,15,13,11,9,8,7,5,4,3,2,1,0
79,77,76,72,71,68,67,65,62,61,60,56,52,51,48,46,45,44,43,41,39,38,37,36,34,33,32,31,30,28,27,26,24,23,21,20,16,15,11,10,4,1,0
80,79,78,77,76,74,73,68,61,60,57,53,52,51,47,46,43,42,41,39,38,35,34,33,31,30,27,26,25,24,19,16,15,11,9,8,7,6,0
81,80,79,78,76,73,71,68,67,65,64,63,59,54,52,50,49,46,45,44,42,38,37,36,35,33,32,28,26,24,22,21,20,18,16,15,14,12,9,8,5,3,0
82,81,79,78,77,76,73,68,66,64,62,60,59,58,56,50,49,48,47,46,45,43,41,39,38,35,29,27,26,22,21,20,17,16,5,4,3,2,0
83,76,72,71,70,65,64,62,60,59,58,55,51,49,45,44,42,41,39,38,37,36,35,34,33,31,30,27,24,19,18,17,13,9,6,4,3,1,0
84,82,81,75,70,69,66,65,64,61,59,53,52,51,50,48,44,38,37,35,34,33,31,30,29,28,26,23,22,16,14,11,10,8,6,5,4,3,2,1,0
85,80,79,78,76,75,73,72,71,69,68,65,61,59,57,56,55,52,51,49,46,45,44,43,42,41,40,39,37,33,31,29,28,27,26,25,24,23,21,18,16,11,9,6,5,3,2,1,0
86,85,84,80,76,74,73,72,71,69,67,63,62,61,59,58,56,55,53,52,48,47,46,45,44,41,34,29,28,26,25,24,20,18,17,16,15,12,9,8,4,2,0
87,84,79,78,75,74,72,70,68,62,61,60,59,57,54,53,52,51,48,47,42,41,39,37,34,33,32,31,30,24,23,22,20,19,18,15,13,12,11,8,7,5,4,3,2,1,0
88,87,86,85,83,79,76,73,71,70,68,65,64,62,61,55,52,51,48,46,45,44,42,36,35,34,32,29,28,22,17,14,12,11,8,6,5,2,0
89,88,87,85,83,82,77,76,74,72,71,70,67,66,64,62,59,58,57,56,54,53,51,50,49,48,46,38,37,34,30,29,26,24,22,20,19,18,17,15,14,12,11,10,9,6,3,1,0
90,87,86,85,82,81,80,79,78,76,73,72,70,69,67,66,65,61,60,58,56,55,52,51,50,48,47,45,41,39,37,34,30,26,25,24,22,21,17,16,15,14,13,12,11,7,3,2,0
91,90,89,86,84,82,81,80,78,76,75,74,72,70,67,63,62,60,56,53,51,49,46,43,40,38,31,28,26,25,22,21,16,10,6,5,3,1,0
92,91,87,85,84,83,82,80,79,78,76,75,74,73,72,70,69,68,67,60,56,54,53,52,51,50,49,47,46,45,44,43,40,38,35,33,32,30,29,26,25,24,23,22,21,18,16,13,11,9,8,7,6,2,0
93,90,89,87,83,82,80,79,78,77,75,72,71,70,68,67,64,63,62,60,56,55,50,49,47,46,45,44,43,42,40,39,38,36,32,31,30,28,27,25,24,23,22,21,20,19,17,14,13,12,10,9,6,4,2,1,0
94,91,90,87,85,84,81,77,76,72,70,65,62,61,60,56,55,53,51,50,49,48,43,42,40,39,36,35,33,32,31,30,28,26,25,23,15,14,12,11,9,8,7,6,5,3,0
95,89,85,83,80,78,72,71,69,68,66,65,64,63,62,61,60,59,58,53,52,51,50,48,47,46,44,41,40,39,38,37,34,33,32,23,21,20,19,18,13,11,10,3,2,1,0
96,92,91,89,88,83,82,81,76,74,69,66,65,63,59,58,56,55,53,52,50,49,48,47,46,45,43,42,40,37,36,35,34,32,30,28,26,24,23,22,20,16,13,12,11,9,6,1,0
97,64,63,62,61,60,58,57,55,54,53,52,51,48,47,46,45,44,42,40,39,38,35,33,30,29,27,26,25,24,22,20,19,16,13,12,11,10,8,7,4,2,0
98,95,94,90,89,85,84,74,73,71,69,66,64,63,62,60,56,55,52,51,50,48,47,46,45,43,41,38,36,35,34,32,31,30,29,27,24,23,19,15,14,10,9,7,6,5,3,1,0
99,96,94,89,88,87,86,82,80,78,77,72,70,62,61,60,58,57,55,54,51,50,49,46,40,39,37,35,34,29,28,24,20,19,18,17,16,10,8,7,5,3,0
100,97,96,93,92,88,87,86,85,83,82,80,79,78,75,73,66,62,61,60,59,56,55,54,53,51,49,48,45,42,40,36,34,33,30,29,28,24,20,19,16,15,13,12,9,6,5,3,2,1,0
101,99,97,96,95,91,90,89,88,87,86,80,77,74,73,72,71,70,67,66,65,64,61,60,58,55,53,52,48,46,45,44,38,37,35,33,32,31,29,28,27,26,24,23,22,20,19,17,12,11,10,8,7,5,4,1,0
102,94,93,92,91,90,88,87,80,79,78,77,75,74,72,70,69,65,64,62,61,60,59,56,55,54,53,52,49,48,45,43,42,40,39,37,33,32,26,25,24,20,7,3,2,1,0
103,99,98,96,92,91,90,89,87,86,84,80,77,74,72,70,65,64,63,60,56,52,51,50,47,46,45,41,39,38,37,35,34,33,32,31,30,29,27,24,23,21,20,18,17,14,11,10,9,7,6,2,0
104,101,99,98,97,96,93,90,89,83,78,76,74,72,71,70,69,66,65,64,63,62,61,59,57,56,55,54,53,52,46,45,44,43,42,39,35,33,30,28,25,24,22,21,20,19,18,17,16,14,13,12,9,6,5,4,3,2,0
105,104,101,100,98,97,93,92,89,87,85,82,81,78,76,74,73,71,70,67,62,60,58,56,54,52,51,46,42,41,40,39,38,37,36,35,34,30,29,25,24,23,20,18,16,13,12,11,8,7,6,3,2,1,0
106,104,103,102,101,98,97,96,93,92,91,90,88,85,76,75,73,72,67,60,59,56,50,47,43,42,41,39,38,37,36,34,32,28,27,26,25,22,20,17,16,15,14,13,10,9,8,7,6,4,0
107,106,105,103,98,96,94,93,82,79,77,76,75,74,67,66,65,63,61,60,57,55,50,49,45,44,41,40,37,34,33,31,29,28,26,21,19,18,15,14,13,12,10,9,7,2,0
108,106,105,104,103,102,101,99,98,97,94,93,92,90,87,85,84,81,80,79,77,75,72,70,68,64,62,60,58,51,50,49,48,47,46,42,40,39,37,33,32,31,26,25,18,14,13,10,9,8,6,4,3,1,0
109,108,105,104,103,102,101,99,96,95,91,89,88,85,83,79,78,77,73,71,66,64,63,60,56,54,52,51,50,49,48,47,46,45,43,42,41,40,39,38,36,35,33,26,25,24,23,22,21,19,18,16,13,11,9,8,7,3,2,1,0
110,109,108,106,101,100,97,95,93,92,91,89,88,87,83,77,73,70,68,67,66,65,64,63,62,60,59,58,56,54,53,52,47,45,44,43,42,40,38,36,35,34,33,31,30,29,25,23,22,21,20,19,17,14,10,9,7,4,3,2,0
111,110,109,106,104,102,100,99,98,97,96,93,92,86,85,79,74,72,68,67,65,62,60,58,57,55,53,52,48,47,45,43,41,40,35,32,31,28,27,25,24,23,22,19,18,17,16,14,12,11,10,7,6,1,0
112,108,106,105,103,100,98,97,96,93,92,91,90,89,88,87,85,84,82,81,78,75,73,72,67,66,65,64,62,61,60,59,58,55,54,49,48,47,46,45,44,43,41,40,39,37,34,32,30,29,26,24,23,22,21,20,19,16,13,8,7,4,3,1,0
113,111,109,108,106,101,97,96,95,91,89,88,87,85,82,81,79,75,74,72,71,70,69,68,67,65,64,62,61,59,58,57,56,55,54,50,49,48,45,41,36,33,30,29,28,26,23,22,20,17,15,13,9,8,6,3,2,1,0
114,113,110,109,108,107,106,104,97,94,93,90,86,82,80,78,76,73,72,71,68,66,65,63,58,51,49,48,43,42,40,39,34,32,31,30,29,28,26,25,23,22,21,19,18,16,14,12,11,10,8,5,4,2,0
115,113,112,110,109,108,106,105,102,101,100,94,93,88,86,83,78,77,76,72,71,70,68,67,66,65,62,61,59,58,56,54,52,46,45,39,38,36,34,33,28,25,24,18,15,14,12,7,4,3,2,1,0
116,112,111,107,106,102,100,98,97,95,92,90,89,88,87,85,82,81,80,78,77,76,75,73,70,69,68,67,66,65,61,60,57,55,54,53,52,51,49,47,46,41,40,36,33,32,29,27,26,24,20,19,15,14,13,11,6,5,3,1,0
117,115,114,113,112,111,108,107,103,102,101,98,97,96,95,93,92,85,84,83,81,79,78,73,69,67,66,64,63,56,55,54,51,49,46,45,43,42,41,40,39,37,34,33,31,30,29,28,27,21,20,18,17,16,12,11,8,7,5,3,0
118,117,116,115,114,113,108,105,104,101,100,99,98,92,88,85,82,81,80,78,73,71,68,67,66,64,62,61,57,55,50,48,47,46,45,43,40,37,36,35,34,32,29,26,25,24,22,21,20,19,18,17,16,15,9,8,6,3,2,1,0
119,118,117,115,112,110,108,107,106,104,103,102,101,100,98,95,94,89,85,84,83,82,81,80,78,77,74,73,72,69,67,65,63,60,58,55,54,50,48,47,46,45,44,42,37,36,35,32,31,30,29,28,26,25,24,23,22,18,17,13,9,6,5,4,3,1,0
120,118,117,116,115,113,112,110,108,107,106,102,96,95,88,87,84,83,81,77,76,75,71,70,68,67,66,65,63,62,60,59,58,57,53,50,47,45,44,42,40,38,37,34,32,31,29,28,27,21,20,19,18,17,16,15,12,9,5,4,3,1,0
121,120,119,118,117,116,115,111,110,107,106,105,104,103,102,101,98,97,96,92,90,89,88,87,84,83,82,81,80,78,77,76,75,74,72,70,69,63,61,60,59,57,54,52,51,50,49,44,43,42,39,38,35,34,31,30,29,28,25,23,17,16,15,10,9,8,7,6,5,1,0
122,120,119,116,112,108,107,105,103,102,101,100,99,96,93,92,91,90,89,85,84,82,79,78,76,75,73,71,70,68,67,66,65,63,62,58,57,55,52,50,49,48,47,45,44,39,38,37,36,35,32,29,25,23,22,20,16,15,14,13,12,11,5,4,2,1,0
123,121,120,119,116,114,111,109,104,103,101,95,94,93,92,91,90,85,84,83,81,79,75,74,73,72,70,67,66,65,64,63,62,61,58,56,51,50,49,44,43,42,41,40,39,37,32,31,29,27,23,22,21,18,17,15,14,12,11,8,5,4,3,2,0
124,119,117,113,110,105,98,95,93,89,88,86,85,82,79,78,77,73,71,70,69,67,65,63,62,57,56,55,53,50,48,47,46,44,43,42,39,37,33,32,31,28,23,22,19,16,15,13,12,10,8,7,6,3,2,1,0
125,122,120,119,115,114,112,111,110,108,106,102,99,98,96,95,93,92,91,90,89,88,87,85,84,81,78,77,76,75,73,71,70,69,68,65,64,63,60,54,52,47,46,45,41,40,35,34,33,32,29,28,27,25,24,23,21,18,17,12,11,10,9,8,5,3,2,1,0
126,125,122,117,113,112,111,108,107,106,104,103,100,99,98,96,94,93,90,87,86,85,82,80,79,77,76,74,73,72,69,66,62,60,59,58,56,51,47,45,42,41,39,36,35,34,33,29,27,26,25,24,23,20,14,12,10,9,7,1,0
127,124,121,120,119,113,112,110,109,107,104,101,98,97,95,93,89,87,83,81,80,79,78,77,75,72,69,68,67,66,64,62,57,56,53,51,49,47,46,41,40,37,36,31,30,29,27,24,23,22,21,18,14,12,10,6,5,4,2,1,0
128,126,125,123,122,119,116,115,114,111,108,107,105,102,101,100,99,98,97,96,94,92,88,87,86,83,82,81,78,77,74,73,69,68,66,65,64,63,61,60,55,54,53,49,48,47,46,45,44,42,38,37,32,31,29,27,23,22,20,19,17,15,12,11,9,8,6,5,4,2,0
129,122,121,120,119,117,116,111,109,108,106,105,104,103,101,99,98,97,95,94,89,87,86,83,82,81,79,78,77,73,70,69,68,66,64,63,62,61,60,58,56,54,53,51,50,49,47,46,44,42,40,37,33,32,29,28,26,22,21,20,19,18,17,14,9,7,6,4,3,1,0
130,129,127,125,124,123,122,120,118,115,113,112,110,109,108,101,97,93,91,89,88,87,86,85,84,82,76,75,74,73,71,69,68,67,61,60,58,56,54,53,52,51,50,49,47,46,43,42,41,37,36,35,32,30,29,25,22,17,13,5,4,3,0
131,128,127,126,123,122,121,118,112,109,107,104,101,100,98,96,92,90,88,87,86,85,83,78,76,75,69,67,66,64,63,61,59,57,51,49,48,46,44,43,42,40,38,37,35,33,30,28,25,23,21,20,16,14,13,6,5,1,0
132,131,130,129,127,124,122,120,119,118,117,116,115,112,111,109,108,104,102,100,98,97,95,92,89,88,85,82,80,78,77,75,74,72,71,70,68,64,62,57,55,54,52,51,49,48,47,46,44,43,42,40,39,38,33,32,30,27,26,25,24,23,22,19,17,16,15,12,10,6,5,4,2,1,0
133,131,130,128,127,126,124,123,122,119,117,116,113,110,109,108,106,105,104,103,102,98,96,92,90,86,84,78,77,76,75,70,69,66,65,64,59,58,55,52,50,48,41,38,37,36,35,34,28,19,18,16,15,14,13,12,11,7,5,4,3,1,0
134,133,131,130,128,127,125,123,115,114,113,112,111,110,109,106,105,103,102,99,97,96,95,94,90,88,85,82,79,77,74,73,71,68,65,64,62,61,58,55,53,52,51,50,48,45,43,40,39,38,35,34,31,30,29,28,23,22,21,20,18,17,15,14,13,12,11,8,7,3,0
135,134,133,125,123,122,121,120,118,115,113,110,107,101,98,96,95,90,89,88,87,83,82,79,76,75,74,72,70,69,66,65,64,63,60,59,58,55,54,53,52,50,49,48,46,44,42,40,38,36,35,34,33,32,31,29,28,27,26,24,20,19,17,15,14,13,12,10,9,7,6,1,0
136,134,133,129,128,126,125,124,123,120,119,118,116,114,112,111,110,109,108,106,104,101,100,99,97,96,94,93,88,87,85,83,82,81,80,77,74,72,71,67,65,63,61,58,56,54,52,51,50,49,46,44,38,37,34,33,31,30,29,25,24,23,21,20,16,15,12,9,6,3,2,1,0
137,136,135,132,131,129,126,123,119,118,117,116,115,114,111,108,106,104,102,101,99,98,97,94,93,91,86,83,80,78,77,76,74,73,72,68,66,64,61,59,58,55,49,48,45,44,43,42,38,37,35,29,27,25,23,22,21,19,16,12,10,8,6,5,4,3,0
138,136,131,129,128,122,119,118,117,115,111,109,108,107,106,105,104,103,100,99,98,97,95,93,91,90,85,82,80,74,70,69,65,64,62,59,58,56,52,50,47,46,42,41,38,35,34,33,32,30,29,27,26,22,21,20,19,17,16,14,11,9,7,6,5,2,0
139,137,136,135,133,132,131,129,128,127,126,122,121,117,115,111,109,107,106,105,101,100,99,98,97,96,94,92,91,90,89,85,84,82,79,78,76,75,70,69,64,61,59,56,55,53,50,49,47,46,44,43,42,41,39,34,33,32,31,30,26,25,24,20,14,11,10,9,5,4,3,1,0
140,139,138,137,133,132,127,125,124,123,122,117,115,114,109,107,106,104,103,102,101,97,95,94,93,92,91,89,85,84,83,77,74,72,70,68,64,63,62,61,59,58,57,56,55,54,49,47,46,44,43,42,37,34,32,30,29,23,22,21,20,19,18,16,14,11,10,9,8,6,4,3,2,1,0
141,140,139,138,137,136,135,132,130,128,127,126,120,119,117,114,111,110,108,107,106,104,101,100,98,97,96,95,92,90,88,87,84,83,80,79,78,76,75,71,70,69,67,65,64,63,62,57,56,54,53,48,46,44,42,40,34,33,32,26,25,24,22,21,17,16,12,10,7,4,3,2,0
142,138,137,136,134,133,130,129,128,126,123,121,119,118,117,115,114,112,110,109,106,104,101,100,95,93,90,86,85,84,81,80,79,78,76,75,74,73,72,70,67,66,62,61,60,59,58,56,54,52,47,45,40,39,33,31,30,26,24,22,21,13,11,10,9,6,4,3,0
143,142,141,140,139,136,133,131,129,125,123,121,118,117,116,115,113,110,106,104,103,97,96,93,91,90,89,83,82,79,78,72,71,70,67,66,65,62,61,58,54,52,51,50,49,48,47,44,40,39,34,33,32,28,26,25,24,23,22,20,19,18,17,15,14,10,9,7,6,3,2,1,0
144,142,139,136,135,129,128,127,124,123,122,121,120,114,113,112,111,110,109,106,104,103,102,99,98,97,96,93,92,87,86,84,75,73,72,71,68,67,63,61,60,58,56,54,52,51,49,47,46,44,42,41,39,38,37,35,33,27,25,23,22,21,20,18,14,9,6,4,2,1,0
145,144,142,141,140,130,129,127,125,120,119,116,115,112,111,109,108,107,103,102,100,97,94,93,91,90,86,84,83,82,79,77,76,72,71,70,69,68,66,61,59,58,56,55,53,52,50,49,48,46,45,42,38,37,36,34,32,31,29,23,19,18,14,13,11,10,8,7,4,2,0
146,145,144,142,141,140,139,135,134,130,129,128,127,124,122,119,118,113,107,105,104,103,101,99,98,97,96,94,93,92,90,88,87,83,82,80,78,74,72,71,66,65,64,62,61,60,59,57,56,51,48,47,45,40,36,35,34,31,30,28,27,23,22,21,20,19,17,16,11,9,8,7,3,2,0
147,141,140,139,137,135,134,130,127,126,125,123,117,115,113,109,105,104,102,101,97,92,91,90,85,83,82,81,80,76,73,72,68,67,66,65,60,57,55,53,51,49,48,44,42,41,40,37,36,35,34,33,30,29,28,26,24,23,22,18,16,15,14,11,9,8,7,3,2,1,0
148,146,145,144,142,141,140,134,130,128,127,126,125,118,117,111,110,108,107,106,104,98,94,93,92,87,86,82,81,77,76,74,73,72,71,69,68,67,65,64,63,62,61,60,57,56,54,53,52,51,49,48,45,44,42,41,40,39,34,29,28,27,26,24,23,21,20,18,16,13,12,9,8,6,5,4,3,2,0
149,148,147,144,139,137,134,131,130,129,128,127,125,119,116,114,110,109,107,101,100,98,97,96,94,92,91,89,86,85,82,81,80,79,78,76,75,74,71,69,68,64,62,61,60,58,55,54,51,50,49,48,47,41,38,37,36,35,31,30,29,28,27,26,25,24,23,21,20,18,17,16,15,13,11,10,9,1,0
150,149,148,147,146,144,137,136,135,133,131,126,121,120,119,118,115,114,113,112,111,110,109,108,105,104,102,101,100,99,98,96,94,92,91,90,89,87,86,85,84,83,82,81,78,77,75,74,73,72,71,70,69,66,64,63,62,58,56,55,52,49,48,47,42,38,28,27,24,20,15,14,13,12,11,10,4,2,0
151,150,148,147,146,145,141,140,138,137,136,134,132,129,125,124,123,121,118,112,111,110,108,107,106,105,103,99,98,94,92,91,90,87,86,84,83,82,80,79,76,75,74,73,72,71,70,67,66,64,61,60,57,56,54,53,52,51,50,49,47,46,45,44,43,39,36,35,34,33,31,28,25,23,22,21,20,18,17,16,11,10,8,7,6,4,2,1,0
152,150,149,147,146,144,142,139,138,134,132,129,128,123,122,121,118,117,115,113,112,111,110,108,107,106,103,102,101,100,99,98,96,92,91,87,86,85,82,81,80,77,76,74,70,66,60,58,56,55,53,50,49,48,45,44,43,42,40,35,33,31,30,27,26,23,21,20,18,17,13,12,9,8,5,3,2,1,0
153,152,149,148,147,146,145,142,141,140,139,138,137,135,132,131,126,123,122,121,120,118,115,113,111,110,106,101,100,98,97,96,95,93,92,90,88,87,86,83,80,76,74,71,69,67,65,63,62,59,57,54,53,52,51,45,42,40,36,35,28,27,26,25,24,22,21,18,17,14,13,8,7,5,3,1,0
154,153,150,149,148,147,145,144,142,141,140,137,135,132,130,129,127,126,125,124,122,121,118,117,116,114,112,111,108,107,106,105,104,103,99,97,96,94,93,88,87,83,73,69,68,65,64,63,62,60,59,56,55,54,53,51,47,42,41,37,35,29,26,24,23,22,17,16,15,13,9,7,3,1,0
155,154,153,152,150,149,143,142,141,140,135,133,130,129,127,121,120,119,116,112,111,109,108,105,104,103,101,99,98,96,88,87,85,84,79,78,71,70,68,67,65,63,62,60,59,58,56,53,51,49,48,46,44,42,41,40,39,37,36,35,34,33,28,27,25,24,22,20,19,17,15,11,9,8,6,5,4,3,2,1,0
156,155,153,150,149,147,144,142,141,137,135,133,132,127,122,121,120,118,116,115,113,111,109,108,107,105,103,101,99,98,97,95,93,92,90,89,87,86,85,83,82,79,76,71,70,68,67,65,63,60,59,56,53,51,50,46,42,41,39,38,36,34,31,29,27,25,23,22,19,18,14,11,8,6,4,1,0
157,156,150,146,145,144,143,138,137,136,135,134,131,130,129,127,126,124,122,121,120,117,116,115,114,113,112,109,107,105,104,103,102,101,100,99,90,89,88,87,86,85,81,80,78,75,74,73,72,71,70,68,67,63,62,61,59,57,56,54,53,52,48,46,45,44,42,41,39,38,37,34,33,29,28,27,23,17,16,15,13,12,10,6,0
158,155,153,152,151,147,143,142,141,140,138,137,134,133,132,131,130,129,128,127,126,123,121,120,119,118,117,116,115,114,111,110,109,108,107,106,105,104,103,101,100,98,96,93,91,88,86,85,84,82,79,78,76,74,71,67,66,65,63,62,61,59,55,54,50,49,48,46,44,43,42,41,40,38,37,35,34,33,32,30,29,27,26,24,23,22,21,19,17,16,15,13,11,10,8,5,4,2,0
159,154,152,150,147,146,139,133,132,131,130,128,127,126,125,124,123,117,115,114,113,112,111,107,105,104,102,101,100,98,97,93,91,90,88,87,84,83,82,80,78,77,73,72,71,69,68,67,66,65,64,62,60,59,57,56,52,51,49,46,45,44,40,38,33,32,31,30,29,28,27,24,23,22,18,16,15,14,13,12,11,10,9,8,7,3,2,1,0
160,158,156,155,154,153,152,146,145,144,139,138,137,135,134,133,130,128,126,124,122,121,120,119,118,113,111,106,103,93,92,88,84,81,80,78,75,74,70,66,61,59,56,54,52,51,50,49,45,44,41,40,38,33,32,31,28,27,22,20,19,17,16,8,3,2,0
161,158,157,152,150,149,148,147,141,139,138,137,135,130,128,127,126,125,120,117,116,115,111,109,104,103,102,97,93,92,91,90,89,86,83,82,81,80,79,78,77,76,70,66,65,64,62,59,54,52,50,49,48,46,45,43,42,41,40,39,38,36,35,34,31,29,28,23,18,16,15,14,13,12,11,10,6,1,0
162,161,160,155,152,145,143,142,141,139,138,137,134,133,132,131,130,128,127,125,123,122,120,117,116,115,114,111,110,109,108,106,105,102,100,99,98,92,90,89,88,83,82,81,80,78,77,76,75,73,72,71,70,68,65,64,61,60,58,57,53,51,46,45,43,40,38,37,36,33,28,27,26,24,21,18,17,16,14,13,10,8,7,5,4,3,2,1,0
163,162,160,155,154,153,151,147,145,144,143,142,139,136,134,132,131,130,128,126,125,123,122,120,119,117,116,114,113,112,109,108,104,103,99,96,91,90,86,84,83,82,81,80,77,75,74,73,70,69,67,61,60,55,54,53,49,47,45,43,40,39,37,36,34,32,29,28,27,25,14,12,10,7,6,3,2,1,0
164,163,162,161,159,158,157,152,149,148,144,140,137,136,134,132,130,129,126,123,122,121,119,113,112,111,110,106,104,102,101,100,99,98,96,94,93,92,91,89,88,86,84,80,78,77,76,74,73,71,70,68,65,64,62,61,53,52,50,48,46,42,41,37,35,34,33,32,31,29,27,25,24,23,22,20,17,11,4,3,2,1,0
165,162,161,156,151,149,148,147,145,141,139,138,137,135,131,130,127,125,124,123,122,120,117,115,110,109,108,106,104,102,99,97,96,95,94,93,92,90,87,82,81,76,75,74,71,68,67,65,59,56,54,53,46,45,41,40,38,35,33,29,28,24,22,21,18,15,12,10,8,6,4,1,0
166,165,164,163,162,161,160,156,153,150,148,145,142,140,136,135,134,132,131,130,128,125,123,121,119,118,117,113,110,108,106,105,104,98,95,92,91,90,89,88,87,86,82,80,79,76,74,72,71,66,64,62,60,59,58,55,54,49,47,45,43,41,40,38,37,35,34,33,30,28,22,19,18,16,15,13,10,9,6,3,0
167,165,162,161,158,157,154,152,151,149,148,147,142,139,138,137,135,134,133,132,130,128,126,125,124,120,119,114,113,110,109,108,103,101,99,95,94,92,90,87,86,84,80,77,73,70,69,68,67,65,64,63,62,59,58,57,56,55,54,52,51,50,46,45,44,39,36,33,32,31,30,29,28,25,23,21,19,18,16,15,14,12,11,9,8,7,5,3,0
168,162,159,157,155,154,148,147,146,145,143,140,137,136,129,126,125,124,121,120,119,117,115,112,110,109,108,106,105,103,101,99,98,96,95,93,92,91,89,88,84,83,79,77,76,75,73,71,70,67,66,65,64,63,62,61,60,57,50,49,44,36,35,33,30,28,25,23,22,19,18,15,14,12,11,8,7,1,0
169,168,166,156,154,153,152,150,149,147,146,143,141,140,139,138,132,131,130,129,125,122,121,117,115,113,112,107,105,101,100,98,97,96,95,94,92,90,89,88,87,85,84,77,75,74,73,72,71,68,66,63,59,52,51,50,49,46,45,42,41,40,38,36,35,33,32,30,28,26,23,22,21,20,17,14,12,9,8,6,5,4,2,1,0
170,169,166,161,159,155,153,150,148,147,144,142,141,140,138,137,134,132,131,130,129,124,123,122,116,115,113,112,110,106,101,99,98,97,94,93,92,90,87,86,85,84,83,82,81,80,77,74,72,71,68,62,60,59,58,57,56,50,49,48,47,46,39,37,32,31,30,27,25,21,19,16,14,12,11,10,8,4,3,1,0
171,170,169,168,167,166,164,162,159,156,153,152,150,149,148,145,144,139,138,137,136,134,131,130,129,126,121,119,118,117,116,115,109,104,101,100,96,94,92,90,83,80,79,78,77,76,75,72,71,70,64,63,62,61,58,55,54,53,52,46,44,41,38,37,36,33,30,29,28,27,26,25,24,22,20,15,14,13,12,10,7,5,3,1,0
172,167,166,164,162,161,158,155,154,149,148,146,145,144,143,141,140,139,138,135,133,132,130,126,124,123,122,121,120,119,118,114,113,111,110,107,106,105,103,98,96,91,90,89,88,87,86,85,83,82,79,74,73,72,70,66,65,64,63,60,54,52,48,44,42,41,40,39,38,37,35,34,31,29,27,26,25,24,23,22,21,20,18,17,15,14,9,8,7,4,0
173,169,168,167,165,164,160,155,154,152,149,148,142,137,136,135,134,133,132,130,129,128,127,124,121,120,119,115,114,113,112,111,105,102,99,98,97,96,93,91,90,89,88,87,86,85,84,83,80,78,77,76,75,72,71,69,68,67,66,65,64,63,62,60,58,57,56,52,49,44,41,40,37,36,32,31,28,25,23,22,21,19,18,17,14,12,11,10,8,7,4,3,0
174,172,171,170,169,166,164,162,161,157,156,155,152,150,148,147,145,143,142,141,140,139,138,136,135,133,130,129,128,124,123,121,119,118,117,116,115,112,110,109,108,104,101,97,96,95,94,92,91,89,88,87,85,84,82,81,80,79,76,74,73,71,69,67,66,65,64,63,62,60,57,56,55,54,53,52,51,48,47,45,44,43,42,37,36,35,32,30,28,25,21,19,17,16,11,10,9,7,5,4,2,1,0
175,173,172,171,168,167,166,162,161,160,158,156,153,151,146,145,144,143,140,139,138,137,133,132,131,129,128,127,120,119,114,112,110,109,108,107,105,103,102,96,95,93,92,88,86,82,81,79,78,77,73,72,71,69,67,65,64,60,59,58,57,55,54,52,51,50,45,40,38,34,32,30,27,25,24,22,21,20,19,18,17,15,13,11,8,7,0
176,174,172,169,168,167,165,162,161,158,157,155,154,152,151,150,149,148,145,144,143,140,139,136,135,134,133,132,130,128,127,124,121,120,119,112,110,109,108,107,106,102,98,95,93,92,90,89,88,87,86,85,84,83,81,79,78,76,74,71,69,68,63,62,60,59,53,51,50,48,47,42,39,37,36,35,32,31,29,22,21,14,9,8,6,2,0
177,176,175,174,173,172,171,170,169,168,167,166,163,160,159,157,156,155,154,152,151,147,146,145,144,139,138,137,136,135,134,129,128,127,126,125,124,123,117,114,113,112,111,106,99,96,95,93,92,90,89,85,83,81,80,77,76,75,73,70,69,68,65,63,62,61,59,58,57,53,51,50,49,48,45,44,43,41,40,38,36,35,32,31,30,27,23,20,12,10,9,6,5,4,3,2,0
178,174,173,172,169,167,166,163,158,157,155,153,152,151,150,149,148,147,146,145,142,141,140,139,137,136,135,133,131,129,127,125,122,121,117,116,115,114,113,109,108,106,104,102,96,95,94,93,91,90,88,85,83,79,78,75,69,62,60,59,58,55,53,52,49,48,44,43,41,39,38,36,35,34,33,30,29,28,26,23,20,19,18,16,9,8,6,3,2,1,0
179,178,177,175,170,169,168,167,165,163,162,156,155,153,152,147,146,145,141,138,137,136,134,133,132,131,130,129,127,126,124,123,122,120,116,114,113,112,110,103,95,94,93,92,91,90,88,86,84,81,80,79,77,76,73,72,70,69,66,64,62,61,60,58,57,54,52,51,50,47,46,45,44,43,41,40,39,37,36,35,33,32,29,26,25,24,22,20,15,12,11,6,3,1,0
180,177,175,173,172,171,169,167,166,165,161,160,154,152,150,147,146,144,141,140,139,138,137,136,134,130,129,128,126,125,123,121,119,118,117,115,112,111,109,108,107,106,103,102,101,100,99,97,95,92,90,88,85,84,83,81,78,77,75,73,70,68,65,64,58,54,53,51,50,49,47,44,40,36,35,34,32,30,28,27,26,25,24,23,18,17,13,11,10,9,8,7,6,4,0
181,180,177,174,171,168,167,166,163,159,156,155,154,151,150,148,147,145,144,139,138,137,136,135,133,131,130,127,126,125,124,123,122,120,119,118,115,113,112,108,106,104,103,99,98,97,96,95,94,93,92,87,84,82,81,80,78,73,72,71,70,62,61,52,51,49,41,40,37,36,34,32,31,29,27,26,25,24,23,22,21,19,18,17,14,12,10,8,4,3,2,1,0
182,181,180,179,177,176,173,172,171,170,168,167,164,163,160,159,157,156,155,154,153,152,149,148,146,145,142,141,139,136,135,134,133,131,129,127,125,120,119,118,116,114,112,108,104,103,101,99,98,97,94,90,89,88,86,85,83,82,81,78,73,72,68,63,62,58,54,51,49,48,45,43,42,41,37,36,35,30,28,27,26,22,21,19,17,16,15,14,12,10,9,8,7,6,4,3,2,1,0
183,182,180,179,178,174,171,170,169,168,167,165,158,157,156,155,154,153,152,147,145,143,142,141,140,138,137,136,135,132,131,129,125,123,122,120,118,116,115,114,112,108,107,106,105,99,94,93,92,91,90,89,88,83,80,76,75,73,72,69,68,65,64,61,59,55,50,49,47,46,45,44,37,35,34,32,31,30,27,26,25,20,14,11,8,6,2,1,0
184,182,180,179,172,167,163,162,161,159,157,153,151,148,147,145,144,143,141,137,136,135,134,133,131,128,127,126,125,123,122,118,115,112,108,107,105,102,100,99,96,95,93,91,90,89,88,87,82,80,78,77,74,73,69,67,63,62,61,59,58,54,50,49,48,45,40,38,36,35,33,32,31,28,27,26,23,21,18,17,16,11,10,9,8,6,5,4,0
185,184,183,182,180,172,168,166,165,164,161,158,149,148,147,145,143,142,141,139,134,133,130,129,125,123,122,121,120,119,118,112,107,104,103,102,100,99,97,96,93,92,88,87,79,77,74,70,69,67,59,58,57,55,54,53,52,49,46,45,41,37,34,33,32,31,30,29,28,27,24,22,20,15,14,13,12,6,5,2,0
186,185,184,183,182,181,180,177,176,174,173,172,171,169,168,167,163,158,157,156,154,153,152,151,150,147,145,144,142,141,139,138,136,135,133,132,130,127,126,125,124,123,119,116,114,111,110,109,106,105,104,103,101,100,96,95,94,93,91,90,87,82,80,79,78,77,76,74,72,70,69,68,67,66,65,64,61,58,56,55,54,53,52,50,49,45,44,43,38,35,34,32,30,29,25,22,21,20,18,17,16,15,11,9,8,2,0
187,186,183,181,180,178,174,173,172,170,169,168,167,160,159,158,156,155,154,153,149,148,147,146,143,142,140,139,137,135,132,130,129,126,123,119,118,117,116,114,109,108,107,105,104,98,97,96,95,90,89,86,81,78,77,74,72,71,70,69,67,66,65,64,58,57,56,55,54,53,49,48,47,46,45,43,42,38,33,31,30,29,28,26,23,22,21,19,16,14,13,11,8,7,6,5,4,3,2,1,0
188,187,184,183,181,180,179,177,176,174,172,170,169,168,166,165,164,162,157,156,155,154,152,149,141,139,138,137,135,134,133,131,128,127,126,124,123,118,116,114,113,112,108,106,105,102,101,96,95,91,89,88,85,84,83,81,79,78,76,75,70,68,66,65,64,62,58,57,56,53,49,46,45,42,40,39,37,31,27,26,25,24,23,20,19,18,17,16,15,14,13,12,11,10,8,7,6,5,4,1,0
189,183,182,180,179,177,172,170,169,167,165,161,160,157,156,155,154,149,148,147,144,142,141,139,138,137,135,134,132,130,129,128,126,124,117,114,113,110,108,107,104,102,101,97,90,89,84,81,79,78,77,76,74,73,72,70,66,64,62,61,60,58,55,54,52,51,48,44,39,38,36,35,34,32,26,24,23,22,21,20,18,16,15,11,8,5,4,2,0
190,185,183,181,180,177,173,172,171,170,169,166,165,162,159,158,156,155,154,150,148,147,145,144,143,141,140,139,136,132,128,125,123,121,120,118,117,116,115,113,110,109,108,105,104,103,102,101,94,92,91,89,87,85,84,83,82,81,80,79,78,77,76,75,72,71,68,66,65,64,59,57,56,55,54,53,52,50,47,46,45,44,42,33,32,31,30,27,26,23,22,21,20,16,13,12,10,8,6,5,3,1,0
191,190,189,187,185,183,182,181,177,174,167,163,162,160,158,157,156,153,152,150,149,146,144,142,135,134,132,130,128,127,126,120,116,115,112,111,110,109,107,106,104,103,102,100,99,95,94,90,85,84,81,80,77,72,71,69,68,67,66,62,61,60,59,56,55,54,47,46,44,41,39,37,32,31,30,29,27,26,25,21,19,18,17,16,14,13,11,10,7,4,0
192,191,189,187,186,183,182,180,179,175,170,168,165,162,159,158,157,154,152,151,150,148,146,142,140,139,137,136,133,131,124,121,119,118,117,116,114,112,111,110,108,104,102,100,99,97,96,95,94,93,92,91,89,88,87,85,84,83,82,79,77,74,73,70,69,68,65,61,59,54,53,52,51,50,48,47,45,41,38,37,36,35,31,30,25,23,22,21,19,17,14,13,11,9,7,6,5,4,3,1,0
193,191,189,188,187,186,185,184,183,182,180,179,178,176,175,172,170,169,168,164,162,159,158,157,156,154,152,150,147,146,145,144,141,138,137,134,133,132,130,128,126,124,123,122,121,120,118,117,112,110,109,108,107,105,101,100,95,91,90,89,86,81,78,77,76,75,72,69,66,63,62,60,58,57,55,54,53,50,49,45,41,39,38,37,35,32,30,26,25,23,16,12,10,9,5,1,0
194,193,191,190,189,188,186,185,183,182,178,177,170,169,168,167,166,164,161,160,158,156,155,154,147,143,141,138,134,131,130,129,118,115,108,106,104,103,99,98,97,96,94,91,88,87,84,83,82,81,80,78,77,76,75,70,62,61,60,58,57,56,55,53,52,49,45,44,43,40,38,36,34,33,32,31,26,24,23,19,16,14,13,12,10,9,8,7,6,5,3,1,0
195,194,192,189,187,185,183,179,178,176,175,169,168,163,162,161,157,152,148,147,146,145,144,142,139,137,135,133,131,129,128,123,122,121,120,119,118,113,112,109,104,97,93,88,85,84,81,80,79,78,77,75,72,71,70,68,66,64,63,62,60,59,58,57,56,55,54,51,50,49,45,42,39,35,32,31,29,27,25,24,22,19,15,14,13,11,8,6,5,4,0
196,195,193,192,191,190,189,188,187,186,185,184,183,182,179,177,175,173,171,169,168,167,164,163,160,159,158,157,153,152,150,147,146,145,142,141,140,139,138,137,132,127,126,124,123,122,121,118,116,113,112,110,109,108,105,101,100,98,97,96,95,93,92,91,89,88,87,86,85,83,82,81,78,77,72,68,67,66,65,63,62,60,57,55,53,51,50,49,45,43,42,41,39,36,34,33,32,30,28,27,26,24,23,22,18,16,12,10,9,8,7,6,5,3,0
197,195,194,193,191,188,186,184,181,180,179,178,176,175,172,170,168,167,166,164,161,160,159,157,155,150,148,147,145,144,138,133,132,128,127,125,116,115,114,111,109,106,103,101,100,93,90,89,87,85,84,79,78,76,72,70,69,67,64,63,61,53,49,46,44,42,41,40,39,38,37,34,33,32,25,24,22,19,16,15,12,9,6,4,2,1,0
198,196,192,187,186,184,183,182,180,178,175,173,171,169,168,167,166,163,161,160,152,151,150,146,145,143,141,140,137,136,135,134,131,130,129,127,124,122,119,118,115,114,110,109,108,107,106,105,102,98,96,95,92,90,88,87,85,83,82,81,79,78,74,73,68,66,62,61,59,56,52,47,46,45,42,40,39,38,36,35,34,33,30,29,26,24,23,22,21,20,19,17,15,14,11,10,9,8,7,2,0
199,198,192,191,190,188,187,186,185,183,176,175,174,173,171,170,168,163,161,160,159,158,152,149,145,140,137,136,134,133,131,128,127,122,121,119,118,117,116,115,114,111,110,109,108,107,105,104,102,101,99,97,96,95,92,91,90,88,87,83,82,80,79,78,75,74,72,71,70,69,67,66,64,61,60,56,54,53,48,47,46,45,42,37,32,31,29,24,20,19,18,15,13,11,9,8,6,4,0
200,198,194,192,190,189,184,183,182,181,179,175,174,173,172,171,168,166,165,163,161,160,155,153,152,149,148,144,143,142,136,135,134,132,131,129,128,127,124,123,122,121,119,118,115,114,112,111,107,105,104,103,102,101,99,98,96,94,92,91,90,89,88,86,85,83,81,80,78,77,72,71,70,66,65,63,62,58,54,51,50,49,44,42,41,40,37,36,35,32,30,29,28,27,25,24,22,21,20,18,17,14,11,8,7,6,3,1,0
201,194,192,191,190,189,188,187,186,182,181,180,178,176,175,174,170,168,166,165,164,163,162,159,156,153,152,148,147,145,144,143,142,141,139,137,136,133,132,130,127,126,124,123,120,119,118,116,114,113,112,107,105,104,102,101,100,99,97,91,90,86,85,84,83,82,81,80,78,77,75,71,70,68,65,62,58,55,54,53,50,48,47,41,40,39,38,37,33,32,29,28,26,24,23,19,18,16,15,14,13,12,11,9,6,4,2,1,0
202,200,199,197,195,194,191,190,189,187,182,181,180,179,178,177,176,175,170,169,166,165,164,163,162,161,160,159,156,155,154,151,150,149,144,142,140,139,138,137,136,135,134,132,128,126,124,121,120,119,118,115,114,111,110,109,108,107,106,104,103,101,100,99,98,97,96,95,94,91,89,88,85,84,83,82,81,80,79,77,76,75,74,73,72,67,65,64,58,57,53,51,50,49,44,40,38,34,33,28,26,25,23,22,21,18,17,15,13,8,6,5,3,1,0
203,202,200,198,196,195,194,191,190,188,187,185,184,182,181,179,173,172,169,164,163,162,161,160,156,154,152,149,148,145,141,139,138,137,135,134,130,128,126,125,121,118,112,108,107,105,102,98,94,87,86,85,84,82,80,78,77,76,74,72,69,68,66,64,63,62,61,60,58,55,53,52,51,50,46,45,44,43,42,38,36,35,30,28,26,22,20,16,13,10,7,5,2,1,0
204,203,202,200,199,197,195,193,188,186,185,182,180,178,177,175,174,173,169,166,165,161,158,157,155,154,152,150,149,146,145,144,142,141,137,136,134,131,129,128,125,124,123,116,113,111,110,109,108,106,105,104,102,100,99,98,97,94,93,92,91,90,89,88,84,82,81,80,77,73,64,63,62,60,59,58,57,55,54,53,44,41,40,39,38,36,35,34,33,31,30,26,23,21,20,19,18,16,15,12,8,7,6,5,4,3,0
205,204,201,200,199,198,197,195,190,187,185,184,183,180,179,178,177,176,175,173,172,170,168,166,163,162,156,155,154,153,152,150,149,148,147,144,143,141,139,137,136,135,133,130,129,127,126,125,124,123,122,120,119,118,117,116,113,107,105,101,99,98,97,96,93,92,91,88,87,86,84,82,81,79,77,74,72,70,69,68,67,64,63,62,61,60,59,58,54,51,49,46,43,41,40,37,36,35,30,28,25,23,22,21,19,17,16,15,14,12,11,8,7,6,5,4,3,2,0
206,204,199,198,197,190,189,186,185,184,183,182,181,179,178,177,175,174,171,170,169,167,166,164,158,156,155,154,153,152,151,148,147,144,141,138,135,134,133,128,126,125,118,116,112,110,109,102,100,99,97,94,91,88,85,83,82,81,80,78,73,72,71,70,69,68,67,64,62,58,56,54,46,45,44,42,41,39,37,35,33,32,31,30,28,26,25,22,19,18,17,15,14,13,12,9,6,4,2,1,0
207,203,202,198,195,193,192,191,188,187,186,184,183,182,180,177,175,173,172,171,168,166,160,159,158,153,152,147,146,145,144,143,142,141,139,138,136,135,134,133,131,130,129,128,127,126,125,124,123,122,121,119,114,109,108,106,105,103,97,91,90,88,85,83,81,80,79,76,75,74,71,70,68,67,66,64,62,59,57,55,54,51,49,45,39,38,37,31,30,29,26,23,20,18,15,9,6,4,2,1,0
208,206,204,203,201,196,195,187,185,183,180,176,175,171,170,169,166,165,163,162,161,160,158,157,156,153,152,151,148,146,145,144,143,138,137,136,133,131,130,128,127,122,121,120,117,116,115,107,106,105,103,102,100,99,98,96,94,91,89,88,86,85,84,82,81,80,77,76,74,71,70,66,65,63,60,59,58,51,47,43,42,40,36,35,34,33,30,29,28,27,26,25,24,20,19,18,16,15,12,8,7,6,4,2,0
209,206,204,202,201,200,199,198,197,194,192,190,188,185,184,183,182,176,171,170,169,167,166,165,164,162,159,158,153,152,149,148,146,144,142,141,140,139,138,135,134,131,129,127,126,125,122,121,120,118,115,114,113,112,111,110,109,103,102,100,99,98,96,93,92,91,90,89,88,87,86,85,80,79,78,72,71,70,66,62,61,60,59,58,55,50,49,47,45,41,40,39,33,32,31,30,28,27,26,25,24,23,21,20,18,16,15,13,12,11,10,9,8,7,3,1,0
210,208,206,205,203,202,199,195,194,192,189,185,184,183,180,179,177,176,175,174,172,171,170,169,167,165,164,160,158,153,152,148,147,146,144,143,142,137,136,132,131,129,126,125,124,123,122,121,120,117,114,113,112,111,110,109,108,102,101,94,91,90,81,80,78,74,73,72,69,66,65,61,58,56,55,51,46,41,40,36,35,31,30,29,28,24,23,21,20,19,17,16,15,14,12,11,8,5,3,2,0
211,209,208,207,204,202,201,200,197,196,193,192,185,182,181,180,178,177,175,174,173,172,170,169,163,162,161,160,159,158,154,152,150,148,147,143,138,137,131,128,124,122,121,120,118,117,114,113,112,111,107,105,104,103,102,101,100,98,93,89,88,86,83,82,81,80,75,71,70,69,68,65,62,61,58,57,55,54,52,48,44,43,41,40,39,35,34,33,32,31,29,21,15,12,11,10,9,8,6,4,3,2,0
212,210,209,206,204,203,201,197,196,195,194,191,190,189,188,186,185,184,182,180,178,177,176,175,174,171,169,168,166,165,163,162,157,156,155,154,152,147,146,145,142,141,139,137,136,135,133,130,129,128,127,122,121,119,117,116,115,114,113,110,108,107,106,101,98,97,92,91,90,88,83,77,75,74,68,67,66,65,62,61,58,55,52,51,49,48,47,42,41,40,39,38,28,27,26,25,24,23,20,19,18,17,16,15,14,10,7,3,0
213,212,209,207,204,202,201,199,197,196,194,193,192,190,189,188,187,186,184,183,182,180,177,175,173,168,164,163,159,152,151,150,149,148,146,144,143,142,140,139,137,133,131,127,125,122,121,120,118,117,116,115,113,110,109,108,105,104,101,100,99,98,96,93,92,91,89,87,86,85,82,79,71,69,66,65,64,63,58,57,56,55,52,51,50,49,44,42,40,39,36,33,31,30,24,21,20,18,17,16,15,13,11,9,8,6,4,3,2,1,0
