#
# 100 'random' degree-64 binary primitive polynomials
#.
# Generated by Joerg Arndt, 2004-October-30
#
64,62,60,59,57,48,45,42,41,40,39,38,36,35,34,32,29,28,26,23,21,19,18,17,16,12,11,10,9,7,0
64,62,59,58,57,55,54,53,52,48,45,43,42,41,36,34,30,28,27,26,24,19,18,17,13,12,11,10,7,6,3,2,0
64,60,58,57,54,52,45,44,43,42,41,40,38,34,32,31,29,27,26,23,22,19,18,17,15,12,9,8,6,2,0
64,61,58,55,54,53,51,41,40,38,34,31,28,24,21,19,16,15,11,9,8,5,4,3,2,1,0
64,63,60,59,58,57,54,51,49,47,43,41,39,38,36,33,29,26,25,20,19,18,16,15,13,12,11,7,5,4,0
64,63,61,60,56,55,52,51,48,47,45,43,42,41,39,38,35,34,33,32,31,29,28,27,25,24,20,18,17,16,15,13,8,5,4,3,2,1,0
64,61,60,59,58,57,56,52,51,50,49,48,47,45,41,39,38,35,34,27,26,24,23,22,21,20,19,17,16,15,13,12,11,10,9,8,6,4,0
64,63,62,61,60,59,57,56,54,53,51,50,49,46,42,40,39,37,36,33,31,30,29,28,26,25,23,20,18,15,14,13,12,11,9,8,4,3,2,1,0
64,63,62,60,58,54,52,51,48,46,45,44,40,38,31,29,20,19,18,16,13,12,9,7,6,5,3,2,0
64,63,61,60,59,58,56,51,47,45,44,43,41,36,35,33,29,27,26,24,22,21,17,12,11,9,8,7,6,5,4,3,2,1,0
64,63,61,59,58,57,53,51,49,48,46,45,43,34,32,30,25,22,21,20,17,16,11,10,8,7,5,4,0
64,63,59,58,57,55,54,46,45,43,42,41,39,38,34,31,29,27,23,22,21,20,19,18,17,15,11,10,9,8,6,5,3,2,0
64,63,61,60,59,55,52,51,49,45,43,42,41,39,38,35,34,33,31,29,25,21,17,16,13,12,0
64,63,59,57,56,55,52,51,48,46,45,43,42,41,38,37,36,35,32,27,25,24,22,21,16,14,12,11,9,7,6,4,0
64,62,61,60,59,58,57,55,53,51,50,49,47,46,45,44,43,37,36,35,32,30,29,28,25,22,21,18,16,15,14,13,8,7,6,5,4,3,0
64,63,62,61,60,57,56,54,53,51,47,45,43,42,41,37,33,31,30,28,27,26,25,23,22,21,19,18,15,14,10,9,8,7,6,1,0
64,62,60,59,57,55,52,49,48,47,45,44,43,42,41,40,37,36,35,31,28,27,26,25,23,22,21,20,17,16,12,8,6,5,4,1,0
64,62,61,60,58,57,56,55,54,53,51,50,48,46,44,43,40,38,37,33,30,27,26,24,23,21,19,17,13,9,7,6,4,2,0
64,61,60,58,57,53,52,51,48,46,44,42,39,38,36,35,34,33,31,29,23,21,19,14,13,12,10,5,3,2,0
64,62,60,57,54,53,52,50,46,43,42,41,38,37,36,35,34,33,30,26,25,24,21,18,17,12,9,8,3,1,0
64,63,62,60,59,56,55,51,48,47,45,43,42,41,40,39,37,36,35,34,32,31,30,26,23,20,19,18,17,16,15,11,7,6,5,3,0
64,62,60,58,55,49,48,46,44,42,41,38,37,34,30,29,28,23,21,20,18,17,15,13,12,11,10,5,4,1,0
64,63,62,61,60,59,58,57,55,54,51,49,47,46,45,42,41,39,37,35,34,33,32,31,28,25,21,20,17,16,15,11,3,2,0
64,63,62,61,56,54,52,50,46,45,44,43,40,39,33,32,29,27,24,23,22,21,19,18,16,15,14,11,9,5,2,1,0
64,59,57,56,54,53,51,50,48,45,42,40,39,38,37,34,33,32,31,30,28,26,19,14,12,9,7,4,3,1,0
64,63,59,56,55,54,51,49,47,44,41,35,34,33,31,28,25,24,21,16,14,13,10,9,7,6,4,3,2,1,0
64,63,62,60,59,56,53,51,50,46,45,44,43,41,37,36,35,33,31,30,28,23,20,18,16,14,10,8,6,1,0
64,63,60,59,57,52,49,44,43,39,38,36,35,34,32,31,29,27,25,24,23,22,20,19,18,17,16,15,12,11,9,7,5,3,2,1,0
64,63,59,56,55,53,50,49,48,47,46,43,40,39,38,30,29,27,25,23,22,19,17,16,15,13,12,9,8,6,5,2,0
64,63,62,58,57,56,55,52,46,43,42,41,40,37,36,35,34,31,30,29,26,25,24,23,21,20,16,14,12,11,10,7,5,2,0
64,63,62,60,59,55,52,51,50,48,46,45,43,40,39,38,37,36,35,26,25,23,22,20,19,17,16,14,12,11,10,9,8,7,6,5,2,1,0
64,62,61,60,59,56,55,49,48,45,44,43,40,38,37,36,33,32,31,27,26,23,21,19,14,13,10,9,8,6,5,3,2,1,0
64,61,60,59,56,55,49,48,47,44,43,41,40,39,38,29,26,23,21,20,19,18,16,15,12,11,10,9,7,6,5,4,3,1,0
64,63,62,61,58,57,54,53,50,49,48,46,45,43,42,40,39,38,36,33,28,26,24,18,17,15,13,11,9,8,7,5,2,1,0
64,63,62,59,54,53,52,48,47,46,42,39,38,36,35,32,25,24,23,21,16,15,13,12,11,9,8,2,0
64,63,61,59,58,57,55,51,50,49,47,46,45,44,43,41,40,38,35,27,23,19,18,17,16,15,13,12,9,8,7,5,0
64,63,57,56,51,50,49,48,46,45,44,43,42,40,39,37,36,33,32,30,28,26,20,16,14,13,12,9,8,6,5,1,0
64,63,62,61,59,57,56,54,50,49,43,42,41,40,39,38,37,36,33,30,28,27,26,25,21,18,15,13,10,9,7,5,4,2,0
64,63,56,55,54,53,52,50,49,47,46,43,42,41,38,37,27,25,22,14,13,11,9,6,4,1,0
64,63,60,58,56,55,54,52,49,47,45,43,35,34,33,32,30,29,25,23,21,19,17,15,13,12,10,9,6,5,4,1,0
64,63,61,60,59,57,56,54,52,51,49,48,47,46,45,44,43,42,41,39,38,34,31,25,23,22,21,20,18,17,12,11,10,9,6,5,2,1,0
64,63,62,55,54,52,50,43,41,39,37,36,35,34,30,29,26,25,22,20,19,18,16,15,14,13,12,9,5,1,0
64,63,59,58,56,55,54,53,52,49,47,46,45,44,43,40,38,37,36,35,29,28,24,23,21,20,19,18,17,16,15,14,13,12,11,10,7,6,5,4,0
64,62,60,59,58,56,52,51,48,45,44,40,35,34,30,29,27,26,25,21,20,19,17,16,13,11,9,7,3,1,0
64,63,58,57,56,53,52,51,47,46,45,43,42,41,40,39,38,35,34,29,28,24,23,22,21,20,19,17,14,13,12,10,9,8,7,6,3,1,0
64,63,61,60,50,48,47,44,43,39,35,34,32,30,29,27,26,25,24,23,22,21,19,18,15,13,12,10,8,7,6,5,0
64,61,60,59,56,51,50,49,47,46,44,43,42,41,39,38,37,35,32,30,28,25,24,20,16,9,8,7,5,4,2,1,0
64,62,59,54,52,48,44,43,38,37,33,30,29,28,26,25,23,22,18,17,16,12,10,5,4,2,0
64,63,62,60,59,57,56,54,53,52,51,48,46,44,42,39,38,36,35,33,31,30,25,24,22,21,19,11,7,6,3,1,0
64,58,57,56,55,53,52,51,49,48,47,45,43,40,38,34,30,29,24,22,21,17,16,15,14,13,12,9,4,3,0
64,59,58,57,55,54,52,51,50,47,44,43,41,40,39,37,35,34,31,30,29,28,25,22,21,16,10,9,4,2,0
64,60,57,55,52,51,49,47,44,43,41,40,39,35,34,30,29,26,25,21,19,18,14,13,12,11,8,5,0
64,63,61,60,59,56,55,54,50,45,44,43,42,38,35,31,30,27,25,22,19,18,15,14,13,11,8,4,3,2,0
64,63,61,60,58,52,50,49,47,45,41,40,35,27,25,24,22,21,16,15,13,11,10,9,8,7,0
64,63,62,61,60,59,57,56,55,53,52,49,45,42,41,40,37,35,32,31,30,26,24,23,22,21,20,17,15,14,12,8,7,5,4,3,2,1,0
64,63,59,58,57,55,54,53,52,51,49,48,45,43,42,40,39,35,34,33,30,29,28,26,22,19,18,17,16,14,13,10,8,7,6,4,3,2,0
64,62,61,59,55,54,52,49,47,42,40,38,37,35,31,30,29,27,26,25,24,21,20,17,16,15,13,10,6,5,4,3,0
64,62,56,54,53,52,48,47,44,42,41,40,38,37,30,27,25,23,21,17,15,14,10,6,0
64,62,60,59,58,56,55,54,49,46,39,37,35,34,31,28,22,21,20,18,16,15,12,11,10,7,6,5,3,2,0
64,63,61,56,53,51,50,46,45,44,43,42,41,40,38,37,29,27,25,24,23,21,16,15,13,12,10,9,8,5,4,1,0
64,62,61,60,59,58,53,51,49,48,46,45,40,39,38,37,34,32,30,28,26,25,24,23,22,20,19,16,12,11,10,6,5,2,0
64,60,57,55,54,53,52,48,47,46,43,42,40,38,36,35,34,33,32,27,19,17,15,14,13,12,10,9,8,7,5,4,2,1,0
64,63,61,59,55,54,51,50,48,46,45,42,41,39,37,36,35,29,25,24,22,21,20,18,17,16,14,12,11,5,4,3,2,1,0
64,63,62,61,60,59,57,56,53,51,50,48,47,46,42,41,40,39,38,37,36,34,33,32,29,27,26,25,24,22,21,20,19,18,16,15,11,10,8,4,3,1,0
64,61,59,53,52,51,50,48,44,38,37,35,34,33,31,30,29,28,26,23,22,16,14,11,10,8,6,5,4,3,2,1,0
64,63,62,60,56,55,53,52,50,49,48,46,45,44,41,39,34,32,30,26,21,19,16,14,12,11,8,7,5,4,0
64,62,60,57,56,51,50,49,43,42,41,40,38,35,33,32,31,30,28,26,21,20,17,16,14,13,10,7,6,5,4,3,0
64,61,58,57,56,55,53,52,48,46,42,40,39,38,37,35,33,32,30,27,26,25,23,22,19,16,15,14,13,11,7,6,5,4,3,1,0
64,62,61,60,57,56,55,53,47,46,45,44,43,42,41,39,37,35,32,30,29,27,24,21,19,18,17,14,11,9,7,6,0
64,63,60,59,57,56,55,54,51,50,48,45,43,42,39,38,36,33,32,25,24,23,21,17,12,9,4,1,0
64,59,58,49,48,47,44,43,42,41,39,38,37,33,31,30,29,28,27,25,24,23,20,18,16,15,10,8,6,4,2,1,0
64,62,61,60,58,57,55,54,53,51,50,49,48,47,45,44,43,40,37,35,34,33,31,24,23,22,17,14,8,4,3,1,0
64,63,61,60,59,58,57,55,53,51,50,49,45,43,40,39,35,33,32,30,28,26,25,22,21,20,13,12,11,10,9,8,7,3,2,1,0
64,63,62,56,54,53,51,49,47,46,45,44,43,41,40,38,36,35,32,29,28,27,26,25,24,20,16,14,13,10,6,5,4,3,2,1,0
64,63,62,61,60,59,55,54,50,49,48,47,46,42,41,40,39,38,37,36,31,30,26,25,24,20,19,13,10,8,7,6,5,1,0
64,63,60,58,54,52,50,48,47,44,43,38,36,34,31,30,29,27,26,23,22,21,19,17,15,11,10,9,8,6,4,3,0
64,63,60,57,55,54,53,51,48,47,45,44,40,38,33,32,30,27,24,20,16,13,12,9,8,7,5,2,0
64,62,60,59,58,57,55,54,51,50,49,48,47,45,43,40,39,37,36,35,33,30,29,27,26,25,24,23,18,17,15,13,12,10,9,6,4,2,0
64,59,57,56,55,53,52,50,46,45,44,43,42,41,40,39,38,37,35,32,31,30,29,28,27,24,23,21,20,19,18,16,15,13,12,4,3,1,0
64,62,60,57,55,53,52,50,48,47,46,45,43,41,40,37,36,32,31,30,29,28,27,26,25,24,23,19,17,13,12,8,7,6,5,4,0
64,62,61,53,42,41,38,35,34,31,29,28,27,26,25,24,19,17,14,10,9,7,6,4,2,1,0
64,61,57,56,54,53,51,49,44,43,42,41,39,37,35,34,33,31,30,28,27,26,25,24,21,19,17,13,12,8,3,1,0
64,62,61,59,57,55,54,53,51,50,49,46,45,44,42,40,38,37,35,33,32,29,27,25,22,18,16,13,12,11,10,8,5,4,0
64,61,59,58,54,53,52,51,49,44,43,41,40,39,38,37,36,35,32,30,29,25,24,23,22,21,17,14,12,11,10,9,7,6,5,3,2,1,0
64,62,61,59,58,57,56,55,53,51,50,49,48,46,42,38,37,34,33,32,29,28,27,26,23,20,12,9,7,5,4,1,0
64,62,60,59,58,52,51,50,45,44,42,41,40,37,32,30,29,27,26,25,20,19,14,13,11,10,9,8,4,3,0
64,62,58,57,55,54,53,52,50,49,48,45,41,40,38,36,35,33,32,31,30,29,26,24,22,21,15,12,10,9,8,7,6,2,0
64,63,62,60,59,58,57,53,50,49,47,46,45,43,42,41,40,39,38,36,33,30,29,28,20,18,17,16,15,8,7,6,3,2,0
64,61,56,55,52,51,48,47,46,45,44,43,37,35,34,32,31,30,28,27,25,23,22,20,17,16,15,10,7,5,3,1,0
64,63,58,56,52,51,49,47,46,45,44,43,39,37,36,31,30,29,24,23,20,18,17,16,13,11,8,7,5,3,2,1,0
64,62,61,60,59,57,56,55,51,50,45,42,40,39,35,34,33,32,31,30,29,28,27,24,20,16,14,13,12,11,9,8,6,3,2,1,0
64,61,60,59,58,55,54,52,51,46,45,43,42,39,37,36,35,34,31,26,24,22,20,19,17,16,13,11,8,7,6,5,2,1,0
64,58,56,55,53,51,49,47,46,44,40,38,37,36,34,33,31,28,23,19,16,14,13,12,6,4,3,2,0
64,62,61,59,57,56,55,53,52,51,49,48,47,45,44,41,40,37,35,34,29,28,27,26,23,22,21,17,15,12,11,10,6,2,0
64,63,61,60,57,55,54,49,47,45,43,42,39,38,37,36,33,26,24,23,20,19,17,16,15,14,13,11,4,2,0
64,59,58,57,56,55,53,52,51,50,49,43,41,36,34,32,31,29,26,25,24,23,22,20,19,16,15,14,12,11,10,8,7,4,3,2,0
64,60,59,58,57,56,53,52,51,46,43,40,39,35,34,32,31,27,26,24,21,20,16,14,13,11,7,6,4,2,0
64,63,62,61,60,58,57,55,54,51,50,49,48,44,43,40,39,34,32,31,30,29,28,25,24,23,22,21,20,19,18,16,15,14,12,11,8,5,4,3,2,1,0
64,63,60,57,55,53,51,50,48,47,45,43,41,40,38,36,35,31,30,29,27,26,25,24,18,17,16,13,12,11,9,7,6,3,0
64,61,60,59,58,57,50,49,43,42,41,37,35,31,27,25,24,23,22,17,15,14,13,11,10,4,0
