-0000689
00000852
80001192 00001321
80001075 00001130
80000704 00000689
80000296 00000222
00000195 80000297
00000606 80000736
00001017 80001180
00001411 80001625
00001832 80002047
00002183 80002458
00002479 80002742
00002686 80002934
00002835 80003077
00002917 80003150
00002912 80003108
00002772 80002973
00002562 80002715
00002304 80002452
00001992 80002109
00001637 80001728
00001270 80001308
00000885 80000882
00000476 80000437
80000080 00000264
80000528 00000704
80000922 00001140
80001331 00001574
80001719 00002013
80002149 00002483
80002565 00002800
80002988 00002973
80003307 00003072
80003514 00003136
80003590 00003149
80003633 00003159
80003640 00003176
80003529 00003177
80003338 00003162
80003082 00003135
80002752 00002879
80002393 00002494
80002010 00002061
80001620 00001663
80001281 00001301
80000882 00000873
80000461 00000421
00000144 80000256
00000557 80000688
00000962 80001136
00001369 80001571
00001751 80002014
00002159 80002445
00002576 80002851
00002822 80003182
00002952 80003397
00003019 80003547
00003056 80003644
00003104 80003635
00003064 80003488
00002968 80003269
00002764 80002984
00002457 80002658
00002128 80002289