00000852
00001202 
00001321
00001278 
00001130
00000916 
00000689
00000459 
00000222
-0000085 
-0000297
-0000529 
-0000736
-0000961 
-0001180
-0001394 
-0001625
-0001853 
-0002047
-0002261 
-0002458
-0002604 
-0002742
-0002853 
-0002934
-0003033 
-0003077
-0003140 
-0003150
-0003161 
-0003108
-0003054 
-0002973
-0002864 
-0002715
-0002605 
-0002452
-0002289 
-0002109
-0001921 
-0001728
-0001510 
-0001308
-0001106 
-0000882
-0000658 
-0000437
-0000128 
0000264
00000505 
00000704
00000929 
00001140
00001365 
00001574
00001791 
00002013
00002239 
00002483
00002639 
00002800
00002872 
00002973
00002992 
00003072
00003052 
00003136
00003103 
00003149
00003114 
00003159
00003135 
00003176
00003152 
00003177
00003118 
00003162
00003103 
00003135
00003047 
00002879
00002701 
00002494
00002291 
00002061
00001852 
00001663
00001501 
00001301
00001090 
00000873
00000640 
00000421
00000111 
-0000256
-0000487 
-0000688
-0000909 
-0001136
-0001360 
-0001571
-0001808 
-0002014
-0002241 
-0002445
-0002682 
-0002851
-0003041 
-0003182
-0003328 
-0003397
-0003455 
-0003547
-0003583 
-0003644
-0003623 
-0003635
-0003548 
-0003488
-0003377 
-0003269
-0003120 
-0002984
-0002797 
-0002658
-0002445 
-0002289
081B0000 
