-0000689
-0001064 
-0001192
-0001198 
-0001075
-0000903 
-0000704
-0000512 
-0000296
-0000081 
00000195
00000409 
00000606
00000810 
00001017
00001209 
00001411
00001624 
00001832
00002004 
00002183
00002347 
00002479
00002581 
00002686
00002755 
00002835
00002863 
00002917
00002892 
00002912
00002826 
00002772
00002647 
00002562
00002409 
00002304
00002133 
00001992
00001820 
00001637
00001467 
00001270
00001091 
00000885
00000694 
00000476
00000278 
-0000080
-0000330 
-0000528
-0000713 
-0000922
-0001141 
-0001331
-0001524 
-0001719
-0001936 
-0002149
-0002374 
-0002565
-0002760 
-0002988
-0003139 
-0003307
-0003428 
-0003514
-0003584 
-0003590
-0003583 
-0003633
-0003616 
-0003640
-0003608 
-0003529
-0003442 
-0003338
-0003223 
-0003082
-0002929 
-0002752
-0002580 
-0002393
-0002212 
-0002010
-0001797 
-0001620
-0001458 
-0001281
-0001092 
-0000882
-0000679 
-0000461
-0000244 
00000144
00000359 
00000557
00000760 
00000962
00001159 
00001369
00001567 
00001751
00001963 
00002159
00002374 
00002576
00002708 
00002822
00002912 
00002952
00003000 
00003019
00003054 
00003056
00003080 
00003104
00003086 
00003064
00003041 
00002968
00002888 
00002764
00002614 
00002457
00002295 
00002128
00001961 
