00001769,
00001380,
00000972,
00000543 ,
00000101,
-0000342,
-0000776,
-0001195 ,
-0001601,
-0001984,
-0002332,
-0002636,
-0003136,
-0003331,
-0003504 ,
-0003607,
-0003679,
-0003680,
-0003634 ,
-0003516,
-0003328,
-0003081,
-0002762 ,
-0002424,
-0002055,
-0001645,
-0001218 ,
-0000772,
-0000308,
00000180,
00000631 ,
00001072,
00001496,
00001888,
00002253 ,
00002569,
00002855,
00003095,
00003275 ,
00003396,
00003464,
00003475,
00003448 ,
00003351,
00003208,
00002992,
00002737 ,
00002454,
00002130,
00001766,
00001382 ,
00000976,
00000541,
00000104,
-0000336 ,
-0000773,
-0001193,
-0001603,
-0001983 ,
-0002328,
-0002638,
-0002887,
-0003143 ,
-0003335,
-0003495,
-0003606,
-0003680 ,
-0003663,
-0003626,
-0003525,
-0003327 ,
-0003072,
-0002774,
-0002428,
-0002047 ,
-0001647,
-0001222,
-0000768,
-0000306 ,
00000182,
00000632,
00001072,
00001500 ,
00001881,
00002238,
00002576,
00002868 ,
00003100,
00003280,
00003389,
00003457 ,
00003482,
00003448,
00003347,
00003188 ,
00002988,
00002745,
00002447,
00002123 ,
00001769,
00001380,
00000976,
00000544 ,
00000097,
-0000336,
-0000772,
-0001195 ,
-0001599,
-0001978,
-0002319,
-0002639 ,
-0002903,
-0003136,
-0003344,
-0003504 ,
-0003607,
-0003679,
-0003680,
-0003632 ,
-0003516,
-0003333,
-0003081,
-0002766 ,
-0002421,
-0002051,
-0001644,
-0001218 ,
-0000771,
-0000302,
00000180,
00000635 ,
00001072,
00001490,
00001888,
00002248 ,
00002575,
00002863,
00003099,
00003275 ,
00003396,
00003472,
00003471,
00003440 ,
00003347,
00003198,
00002997,
00002740 ,
00002453,
00002130,
00001770,
00001388 ,
00000972,
00000540,
00000100,
-0000336 ,
-0000773,
-0001193,
-0001595,
-0001983 ,
-0002336,
-0002641,
-0002903,
-0003127 ,
-0003335,
-0003495,
-0003616,
-0003672 ,
-0003663,
-0003631,
-0003528,
-0003327 ,
-0003072,
-0002770,
-0002427,
-0002046 ,
-0001647,
-0001217,
-0000770,
-0000311 ,
00000184,
00000628,
00001072,
00001496 ,
00001881,
00002246,
00002576,
00002868 ,
00003100,
00003284,
00003385,
00003449 ,
00003480,
00003440,
00003354,
00003192 ,
00002990,
00002746,
00002450,
00002134 ,
00001764,
00001377,
00000973,
00000543 ,
00000101,
-0000336,
-0000768,
-0001197 ,
-0001605,
-0001984,
-0002333,
-0002635 ,
-0002903,
-0003136,
-0003334,
-0003493 ,
-0003599,
-0003679,
-0003680,
-0003636 ,
-0003517,
-0003328,
-0003080,
-0002764 ,
-0002420,
-0002046,
-0001643,
-0001222 ,
-0000772,
-0000307,
00000180,
00000632 ,
00001072,
00001496,
00001888,
00002248 ,
00002575,
00002867,
00003095,
00003271 ,
00003396,
00003464,
00003477,
00003448 ,
00003348,
00003198,
00002997,
00002751 ,
00002447,
00002126,
00001766,
00001382 ,
00000974,
00000547,
00000102,
-0000337 ,
-0000777,
-0001194,
-0001604,
-0001983 ,
-0002328,
-0002641,
-0002903,
-0003127 ,
-0003319,
-0003495,
-0003616,
-0003672 ,
-0003663,
-0003627,
-0003528,
-0003336 ,
-0003072,
-0002767,
-0002424,
-0002051 ,
-0001648,
-0001222,
-0000768,
-0000307 ,
00000174,
00000642,
00001068,
00001492 ,
00001881,
00002243,
00002576,
00002868 ,
00003104,
00003280,
00003393,
00003457 ,
00003478,
00003436,
00003354,
00003192 ,
00002987,
00002745,
00002449,
00002124 ,
00001774,
00001377,
00000968,
00000542 ,
00000101,
-0000337,
-0000772,
-0001194 ,
-0001599,
-0001984,
-0002332,
-0002634 ,
-0002897,
-0003139,
-0003344,
-0003504 ,
-0003607,
-0003678,
-0003680,
-0003634 ,
-0003517,
-0003328,
-0003071,
-0002769 ,
-0002422,
-0002050,
-0001643,
-0001219 ,
-0000771,
-0000308,
00000176,
00000627 ,
00001072,
00001495,
00001888,
00002245 ,
00002571,
00002863,
00003099,
00003283 ,
00003388,
00003456,
00003475,
00003448 ,
00003347,
00003198,
00002997,
00002739 ,
00002458,
00002130,
00001761,
00001381 ,
00000975,
00000541,
00000100,
-0000331 ,
-0000774,
-0001196,
-0001602,
-0001967 ,
-0002328,
-0002644,
-0002916,
-0003141 ,
-0003335,
-0003501,
-0003616,
-0003688 ,
-0003689,
-0003628,
-0003509,
-0003333 ,
-0003079,
-0002769,
-0002421,
-0002044 ,
-0001645,
-0001221,
-0000764,
-0000305 ,
00000180,
00000632,
00001072,
00001496 ,
00001881,
00002243,
00002576,
00002876 ,
00003096,
00003276,
00003389,
00003457 ,
00003482,
00003440,
00003354,
00003190 ,
00002992,
00002750,
00002445,
00002122 ,
