00001052
00000948
00000841
00000728 
00000612
00000494
00000373
00000255 
00000136
00000015
-0000109
-0000228 
-0000345
-0000461
-0000577
-0000690 
-0000799
-0000903
-0001002
-0001094 
-0001181
-0001270
-0001352
-0001429 
-0001506
-0001576
-0001637
-0001696 
-0001757
-0001816
-0001857
-0001890 
-0001919
-0001944
-0001960
-0001968 
-0001963
-0001955
-0001941
-0001916 
-0001888
-0001845
-0001804
-0001752 
-0001687
-0001612
-0001522
-0001429 
-0001336
-0001226
-0001113
-0000994 
-0000876
-0000755
-0000631
-0000511 
-0000387
-0000255
-0000131
00000012 
00000140
00000269
00000395
00000520 
00000644
00000762
00000874
00000996 
00001101
00001208
00001311
00001405 
00001496
00001581
00001642
00001709 
00001770
00001823
00001870
00001908 
00001936
00001955
00001973
00001984 
00001982
00001981
00001957
00001944 
00001914
00001877
00001838
00001794 
00001741
00001663
00001589
00001511 
00001432
00001343
00001251
00001155 
00001052
00000946
00000841
00000727 
00000612
00000493
00000375
00000255 
00000136
00000016
-0000104
-0000224 
-0000343
-0000461
-0000577
-0000689 
-0000801
-0000904
-0000999
-0001093 
-0001182
-0001269
-0001349
-0001426 
-0001501
-0001581
-0001646
-0001703 
-0001760
-0001809
-0001854
-0001889 
-0001920
-0001941
-0001957
-0001963 
-0001968
-0001957
-0001938
-0001914 
-0001885
-0001848
-0001800
-0001745 
-0001690
-0001618
-0001532
-0001434 
-0001332
-0001221
-0001113
-0000992 
-0000876
-0000753
-0000633
-0000509 
-0000383
-0000255
-0000127
00000009 
00000143
00000268
00000393
00000520 
00000640
00000758
00000869
00000992 
00001105
00001208
00001311
00001404 
00001490
00001573
00001646
00001713 
00001774
00001829
00001870
00001909 
00001941
00001960
00001973
00001975 
00001979
00001981
00001957
00001944 
00001914
00001879
00001838
00001790 
00001733
00001663
00001597
00001520 
00001434
00001348
00001254
00001161 
00001060
00000946
00000837
00000725 
00000611
00000493
00000375
00000255 
00000137
00000016
-0000105
-0000224 
-0000343
-0000460
-0000577
-0000690 
-0000799
-0000903
-0001002
-0001090 
-0001175
-0001272
-0001358
-0001437 
-0001506
-0001576
-0001639
-0001704 
-0001757
-0001810
-0001853
-0001890 
-0001917
-0001944
-0001960
-0001968 
-0001966
-0001954
-0001937
-0001909 
-0001888
-0001853
-0001809
-0001754 
-0001687
-0001616
-0001530
-0001431 
-0001330
-0001224
-0001109
-0000994 
-0000876
-0000755
-0000631
-0000510 
