00002122
00001765
00001383
00000982 
00000560
00000145
-0000279
-0000682 
-0001059
-0001401
-0001717
-0002002 
-0002210
-0002353
-0002429
-0002447 
-0002408
-0002277
-0002080
-0001813 
-0001498
-0001126
-0000717
-0000275 
00000204
00000669
00001130
00001570 
00001973
00002333
00002650
00002912 
00003089
00003189
00003232
00003208 
00003121
00002938
00002705
00002431 
00002122
00001765
00001383
00000982 
00000569
00000137
-0000280
-0000683 
-0001056
-0001411
-0001725
-0001997 
-0002212
-0002352
-0002429
-0002446 
-0002402
-0002277
-0002074
-0001809 
-0001498
-0001126
-0000716
-0000274 
00000204
00000669
00001131
00001576 
00001968
00002332
00002656
00002912 
00003088
00003189
00003232
00003210 
00003103
00002938
00002712
00002431 
00002128
00001769
00001379
00000980 
00000556
00000143
-0000280
-0000682 
-0001058
-0001397
-0001725
-0001998 
-0002210
-0002353
-0002429
-0002446 
-0002408
-0002269
-0002082
-0001809 
-0001496
-0001126
-0000715
-0000274 
00000206
00000671
00001131
00001570 
00001973
00002325
00002656
00002912 
00003088
00003189
00003232
00003210 
00003125
00002938
00002712
00002437 
00002122
00001765
00001383
00000982 
00000565
00000139
-0000280
-0000683 
-0001050
-0001405
-0001721
-0001995 
-0002210
-0002353
-0002429
-0002446 
-0002402
-0002279
-0002074
-0001809 
-0001496
-0001126
-0000715
-0000271 
00000206
00000671
00001131
00001578 
00001969
00002333
00002658
00002912 
00003088
00003189
00003234
00003208 
00003103
00002938
00002712
00002437 
00002122
00001765
00001389
00000976 
00000557
00000143
-0000276
-0000684 
-0001062
-0001404
-0001721
-0001995 
-0002208
-0002353
-0002423
-0002456 
-0002408
-0002277
-0002074
-0001809 
-0001498
-0001126
-0000708
-0000279 
00000206
00000673
00001130
00001566 
00001972
00002333
00002656
00002912 
00003088
00003191
00003226
00003208 
00003109
00002938
00002712
00002437 
00002122
00001773
00001380
00000982 
00000560
00000143
-0000284
-0000683 
-0001058
-0001404
-0001719
-0001998 
-0002208
-0002349
-0002433
-0002447 
-0002403
-0002277
-0002074
-0001809 
-0001491
-0001130
-0000719
-0000275 
00000216
00000663
00001130
00001568 
00001973
00002333
00002658
00002914 
00003088
00003185
00003232
00003210 
00003109
00002938
00002712
00002437 
00002114
00001765
00001381
00000982 
00000560
00000143
-0000280
-0000682 
-0001058
-0001404
-0001719
-0001994 
-0002210
-0002356
-0002429
-0002446 
