-0002872
-0001432  
00001944
00002872  
00001160
-0001080  
-0002872
-0002024  
00001304
00002936  
00001560
-0000699  
-0002712
-0002328  
00000785
00002936  
00002104
-0000139  
-0002264
-0002699  
-0000368
00002623  
00002392
00000031  
-0001976
-0002824  
-0001112
00002280  
00002728
00000776  
-0001368
-0002920  
-0001720
00001752  
00002872
00001184  
-0001048
-0002841  
-0002008
00001080  
00002968
00001816  
-0000443
-0002552  
-0002520
00000144  
00002824
00002200  
-0000035
-0002184  
-0002744
-0000760  
00002495
00002536  
00000331
-0001752  
-0002904
-0001258  
00002073
00002776  
00000891
-0001288  
-0002904
-0001819  
00001624
00002891  
00001368
-0000888  
-0002808
-0002152  
00000938
00002968  
00001944
-0000299  
-0002424
-0002600  
-0000185
00002744  
00002328
00000000  
-0002043
-0002824  
-0000888
00002392  
00002616
00000514  
-0001624
-0002920  
-0001450
00001928  
00002824
00000969  
-0001227
-0002875  
-0001832
00001289  
00002968
00001672  
-0000607
-0002648  
-0002408
00000648  
00002875
00001944  
-0000235
-0002328  
-0002648
-0000481  
00002672
00002424  
00000120
-0001928  
-0002840
-0001033  
00002265
00002648  
00000568
-0001561  
-0002904
-0001592  
00001727
00002904  
00001288
-0000976  
-0002840
-0002104  
00001192
00002960
