20000230 = 80002872 80000344 80001432 00003352 
20000240 = 00001944 00003640 00002872 00000632 
20000250 = 00001160 80003064 80001080 80004095 
20000260 = 80002872 80001368 80002024 00002747 
20000270 = 00001304 00003640 00002936 00001528 
20000280 = 00001560 80002488 80000699 80004095 
20000290 = 80002712 80001928 80002328 00002152 
200002A0 = 00000785 00003640 00002936 00002088 
200002B0 = 00002104 80001433 80000139 80004095 
200002C0 = 80002264 80002904 80002699 00001016 
200002D0 = 80000368 00003579 00002623 00003160 
200002E0 = 00002392 80000827 00000031 80003992 
200002F0 = 80001976 80003352 80002824 00000511 
20000300 = 80001112 00003514 00002280 00003513 
20000310 = 00002728 00000296 00000776 80003336 
20000320 = 80001368 80003960 80002920 80000744 
20000330 = 80001720 00003224 00001752 00003640 
20000340 = 00002872 00001019 00001184 80002905 
20000350 = 80001048 80004095 80002841 80001256 
20000360 = 80002008 00002875 00001080 00003642 
20000370 = 00002968 00001817 00001816 80001979 
20000380 = 80000443 80004095 80002552 80002331 
20000390 = 80002520 00001640 00000144 00003611 
200003A0 = 00002824 00002584 00002200 80001214 
200003B0 = 80000035 80004095 80002184 80003032 
200003C0 = 80002744 00000872 80000760 00003576 
200003D0 = 00002495 00003320 00002536 80000426 
200003E0 = 00000331 80003736 80001752 80003640 
200003F0 = 80002904 80000003 80001258 00003448 
20000400 = 00002073 00003640 00002776 00000504 
20000410 = 00000891 80003224 80001288 80004024 
20000420 = 80002904 80000936 80001819 00003128 
20000430 = 00001624 00003640 00002891 00001160 
20000440 = 00001368 80002682 80000888 80004095 
20000450 = 80002808 80001560 80002152 00002616 
20000460 = 00000938 00003642 00002968 00001944 
20000470 = 00001944 80001721 80000299 80004095 
20000480 = 80002424 80002616 80002600 00001384 
20000490 = 80000185 00003608 00002744 00002872 
200004A0 = 00002328 80000928 00000000 80004024 
200004B0 = 80002043 80003226 80002824 00000619 
200004C0 = 80000888 00003544 00002392 00003513 
200004D0 = 00002616 80000211 00000514 80003576 
200004E0 = 80001624 80003768 80002920 80000360 
200004F0 = 80001450 00003353 00001928 00003640 
20000500 = 00002824 00000651 00000969 80003129 
20000510 = 80001227 80004024 80002875 80001001 
20000520 = 80001832 00003096 00001289 00003640 
20000530 = 00002968 00001466 00001672 80002264 
20000540 = 80000607 80004095 80002648 80002088 
20000550 = 80002408 00001960 00000648 00003640 
20000560 = 00002875 00002265 00001944 80001784 
20000570 = 80000235 80004095 80002328 80002712 
20000580 = 80002648 00001179 80000481 00003579 
20000590 = 00002672 00003064 00002424 80000713 
200005A0 = 00000120 80003896 80001928 80003384 
200005B0 = 80002840 00000442 80001033 00003513 
200005C0 = 00002265 00003583 00002648 80000160 
200005D0 = 00000568 80003544 80001561 80003800 
200005E0 = 80002904 80000376 80001592 00003352 
200005F0 = 00001727 00003640 00002904 00001080 
20000600 = 00001288 80002792 80000976 80004095 
20000610 = 80002840 80001449 80002104 00002713 
