-0000270
-0000027
00000253
00000439 
00000477
00000355
00000113
-0000162 
-0000351
-0000397
-0000274
-0000030 
00000253
00000440
00000477
00000350 
00000104
-0000166
-0000358
-0000393 
-0000270
-0000027
00000251
00000439 
00000481
00000358
00000107
-0000159 
-0000359
-0000400
-0000273
-0000027 
00000253
00000439
00000477
00000351 
00000105
-0000166
-0000356
-0000393 
-0000270
-0000026
00000253
00000441 
00000481
00000357
00000101
-0000166 
-0000362
-0000400
-0000270
-0000027 
00000253
00000439
00000477
00000351 
00000105
-0000166
-0000356
-0000393 
-0000269
-0000027
00000253
00000442 
00000485
00000347
00000099
-0000172 
-0000360
-0000397
-0000270
-0000027 
00000253
00000439
00000477
00000350 
00000105
-0000166
-0000358
-0000393 
-0000269
-0000027
00000255
00000448 
00000477
00000345
00000101
-0000171 
-0000359
-0000395
-0000270
-0000026 
00000253
00000439
00000477
00000351 
00000105
-0000166
-0000356
-0000393 
-0000269
-0000026
00000255
00000443 
00000472
00000346
00000101
-0000170 
-0000358
-0000393
-0000270
-0000026 
00000253
00000439
00000477
00000351 
00000105
-0000166
-0000356
-0000393 
-0000267
-0000026
00000255
00000435 
00000472
00000347
00000104
-0000168 
-0000356
-0000393
-0000269
-0000027 
00000253
00000439
00000477
00000351 
00000105
-0000166
-0000356
-0000393 
-0000269
-0000024
00000251
00000433 
00000473
00000349
00000105
-0000167 
-0000358
-0000393
-0000269
-0000026 
00000253
00000440
00000477
00000350 
00000105
-0000166
-0000356
-0000395 
-0000267
-0000022
00000247
00000435 
00000475
00000351
00000105
-0000166 
-0000356
-0000393
-0000269
-0000026 
00000253
00000439
00000477
00000351 
00000105
-0000166
-0000356
-0000393 
-0000266
-0000019
00000249
00000435 
00000475
00000350
00000105
-0000167 
-0000356
-0000395
-0000270
-0000027 
00000253
00000439
00000477
00000351 
00000105
-0000166
-0000356
-0000392 
-0000255
-0000026
00000249
00000439 
00000477
00000350
00000105
-0000166 
-0000356
-0000393
-0000269
-0000026 
00000253
00000439
00000477
00000351 
00000105
-0000166
-0000354
-0000389 
-0000265
-0000031
00000251
00000439 
00000477
00000350
00000105
-0000166 
-0000356
-0000393
-0000270
-0000027 
00000253
00000439
00000477
00000350 
00000107
-0000166
-0000354
-0000389 
-0000272
-0000031
00000253
00000439 
00000477
00000351
00000105
-0000166 
-0000356
-0000393
-0000269
-0000026 
00000253
00000439
00000477
00000353 
00000109
-0000162
-0000348
-0000395 
-0000274
-0000030
00000251
00000439 
00000477
00000351
00000105
-0000166 
-0000355
-0000393
-0000269
-0000026 
00000253
00000439
00000477
00000355 
00000113
-0000159
-0000355
-0000400 
-0000273
-0000027
00000253
00000439 
00000477
00000351
00000105
-0000166 
-0000356
-0000393
-0000270
-0000024 
00000251
00000440
00000481
00000360 
00000104
-0000162
-0000363
-0000400 
-0000270
-0000024
00000254
00000439 
00000477
00000351
00000105
-0000166 
-0000358
-0000393
-0000266
-0000019 
00000253
00000441
00000485
00000353 
00000099
-0000168
-0000363
-0000400 
-0000268
-0000019
00000247
00000438 
00000471
00000351
00000105
-0000166 
-0000358
-0000393
-0000266
-0000019 
00000255
00000442
00000475
00000347 
00000100
-0000172
-0000363
-0000395 
-0000266
-0000021
00000254
00000438 
00000471
00000350
00000105
-0000166 
-0000357
-0000393
-0000266
-0000019 
00000255
00000446
00000468
00000346 
00000100
-0000170
-0000359
-0000393 
-0000266
-0000019
00000254
00000438 
00000471
00000351
00000104
-0000166 
-0000358
-0000393
-0000266
-0000019 
00000264
00000438
00000465
00000347 
00000104
-0000167
-0000355
-0000393 
-0000269
-0000026
00000254
00000438 
00000471
00000351
00000104
-0000163 
-0000350
-0000393
-0000275
-0000031 
00000255
00000434
00000465
00000347 
00000104
-0000166
-0000356
-0000393 
