 -0000462,
 -0000036,
 00000459,
 00000810 ,
 00000999,
 00001002,
 00000798,
 00000441 ,
 -0000058,
 -0000482,
 -0000810,
 -0000945 ,
 -0000859,
 -0000572,
 -0000168,
 00000329 ,
 00000715,
 00000957,
 00001023,
 00000888 ,
 00000578,
 00000151,
 -0000361,
 -0000732 ,
 -0000923,
 -0000926,
 -0000710,
 -0000313 ,
 00000166,
 00000570,
 00000870,
 00000990 ,
 00000928,
 00000664,
 00000266,
 -0000227 ,
 -0000630,
 -0000886,
 -0000961,
 -0000796 ,
 -0000451,
 00000036,
 00000457,
 00000806 ,
 00001002,
 00001003,
 00000795,
 00000448 ,
 -0000051,
 -0000483,
 -0000805,
 -0000952 ,
 -0000873,
 -0000589,
 -0000163,
 00000328 ,
 00000699,
 00000946,
 00001007,
 00000868 ,
 00000557,
 00000127,
 -0000369,
 -0000730 ,
 -0000935,
 -0000922,
 -0000699,
 -0000310 ,
 00000171,
 00000592,
 00000879,
 00001006 ,
 00000937,
 00000681,
 00000283,
 -0000219 ,
 -0000628,
 -0000902,
 -0000961,
 -0000796 ,
 -0000451,
 00000034,
 00000461,
 00000798 ,
 00000990,
 00000982,
 00000779,
 00000419 ,
 -0000058,
 -0000489,
 -0000816,
 -0000946 ,
 -0000867,
 -0000580,
 -0000157,
 00000316 ,
 00000695,
 00000946,
 00001010,
 00000870 ,
 00000572,
 00000127,
 -0000354,
 -0000715 ,
 -0000927,
 -0000929,
 -0000708,
 -0000328 ,
 00000180,
 00000575,
 00000879,
 00001006 ,
 00000936,
 00000674,
 00000277,
 -0000235 ,
 -0000632,
 -0000902,
 -0000951,
 -0000794 ,
 -0000447,
 00000039,
 00000455,
 00000802 ,
 00000998,
 00001002,
 00000798,
 00000441 ,
 -0000058,
 -0000481,
 -0000810,
 -0000945 ,
 -0000858,
 -0000572,
 -0000168,
 00000330 ,
 00000715,
 00000957,
 00001023,
 00000888 ,
 00000578,
 00000148,
 -0000365,
 -0000733 ,
 -0000935,
 -0000922,
 -0000698,
 -0000297 ,
 00000158,
 00000562,
 00000866,
 00000990 ,
 00000925,
 00000664,
 00000266,
 -0000225 ,
 -0000630,
 -0000886,
 -0000961,
 -0000796 ,
 -0000451,
 00000036,
 00000457,
 00000806 ,
 00001002,
 00001003,
 00000795,
 00000441 ,
 -0000058,
 -0000490,
 -0000816,
 -0000942 ,
 -0000865,
 -0000572,
 -0000165,
 00000320 ,
 00000698,
 00000946,
 00001003,
 00000868 ,
 00000559,
 00000127,
 -0000354,
 -0000714 ,
 -0000927,
 -0000929,
 -0000705,
 -0000328 ,
 00000171,
 00000592,
 00000878,
 00001006 ,
 00000936,
 00000680,
 00000271,
 -0000236 ,
 -0000632,
 -0000900,
 -0000947,
 -0000794, 
