0000280,
-0000042,
00000235,
00000436 ,
00000479,
00000359,
00000113,
-0000161 ,
-0000351,
-0000402,
-0000278,
-0000042 ,
00000233,
00000435,
00000479,
00000359 ,
00000113,
-0000161,
-0000355,
-0000403 ,
-0000280,
-0000042,
00000235,
00000435 ,
00000479,
00000359,
00000116,
-0000156 ,
-0000350,
-0000403,
-0000280,
-0000042 ,
00000235,
00000435,
00000479,
00000359 ,
00000111,
-0000161,
-0000351,
-0000402 ,
-0000278,
-0000042,
00000233,
00000435 ,
00000480,
00000364,
00000119,
-0000165 ,
-0000355,
-0000402,
-0000280,
-0000042 ,
00000235,
00000435,
00000480,
00000359 ,
00000113,
-0000161,
-0000351,
-0000402 ,
-0000278,
-0000042,
00000235,
00000435 ,
00000481,
00000369,
00000113,
-0000165 ,
-0000354,
-0000402,
-0000278,
-0000042 ,
00000235,
00000435,
00000479,
00000359 ,
00000112,
-0000161,
-0000351,
-0000402 ,
-0000278,
-0000042,
00000235,
00000437 ,
00000485,
00000364,
00000109,
-0000164 ,
-0000351,
-0000402,
-0000278,
-0000042 ,
00000235,
00000435,
00000479,
00000359 ,
00000113,
-0000161,
-0000351,
-0000402 ,
-0000278,
-0000042,
00000237,
00000437 ,
00000485,
00000357,
00000108,
-0000161 ,
-0000351,
-0000402,
-0000278,
-0000042 ,
00000235,
00000435,
00000479,
00000359 ,
00000113,
-0000161,
-0000351,
-0000402 ,,
-0000276,
-0000040,
00000240,
00000444 ,
00000477,
00000356,
00000109,
-0000161 ,
-0000351,
-0000402,
-0000278,
-0000042 ,
00000235,
00000435,
00000480,
00000359 ,
00000113,
-0000161,
-0000351,
-0000402 ,
-0000274,
-0000034,
00000245,
00000435 ,
00000471,
00000356,
00000111,
-0000161 ,
-0000351,
-0000402,
-0000276,
-0000042 ,
00000233,
00000435,
00000480,
00000359 ,
00000113,
-0000161,
-0000351,
-0000400 ,
-0000272,
-0000040,
00000237,
00000429 ,
00000475,
00000359,
00000111,
-0000161 ,
-0000351,
-0000402,
-0000278,
-0000042 ,
00000233,
00000435,
00000479,
00000359 ,
00000113,
-0000161,
-0000350,
-0000395 ,
-0000272,
-0000046,
00000232,
00000431 ,
00000477,
00000359,
00000113,
-0000161 ,
-0000351,
-0000402,
-0000278,
-0000042 ,
00000235,
00000435,
00000479,
00000359 ,
00000113,
-0000161,
-0000350,
-0000394 ,
-0000280,
-0000048,
00000232,
00000431 ,
00000479,
00000359,
00000113,
-0000160 ,
-0000351,
-0000402,
-0000278,
-0000042 ,
00000235,
00000435,
00000479,
00000359 ,
00000113,
-0000157,
-0000344,
-0000402 ,
-0000282,
-0000048,
00000232,
00000433 ,
00000479,
00000359,
00000113,
-0000161 ,
-0000351,
-0000402,
-0000278,
-0000042 ,
00000235,
00000435,
00000479,
00000359 ,
00000113,
-0000155,
-0000350,
-0000403 ,
-0000282,
-0000046,
00000233,
00000435 ,
00000480,
00000359,
00000113,
-0000161 ,
-0000351,
-0000402,
-0000278,
-0000042 ,
00000239,
00000429,
00000475,
00000354 ,
