-0000246
00000155
00000446
00000407 
00000070
-0000295
-0000382
-0000125 
00000275
00000475
00000322
-0000065 
-0000376
-0000336
00000022
00000377 
00000461
00000204
-0000197
-0000399 
-0000239
00000150
00000443
00000407 
00000064
-0000291
-0000386
-0000126 
00000278
00000477
00000321
-0000071 
-0000370
-0000331
00000015
00000375 
00000462
00000202
-0000192
-0000399 
-0000244
00000155
00000446
00000411 
00000070
-0000295
-0000382
-0000126 
00000274
00000475
00000322
-0000069 
-0000372
-0000334
00000022
00000378 
00000460
00000203
-0000197
-0000399 
-0000239
00000151
00000447
00000411 
00000064
-0000291
-0000385
-0000126 
00000278
00000477
00000321
-0000071 
-0000370
-0000331
00000019
00000379 
00000463
00000202
-0000188
-0000399 
-0000244
00000155
00000446
00000411 
00000078
-0000295
-0000382
-0000119 
00000278
00000475
00000322
-0000065 
-0000372
-0000335
00000213
-0000197
-0000399 
-0000231
00000154
00000447
00000411 
00000065
-0000289
-0000382
-0000123 
00000278
00000480
00000327
-0000068 
-0000363
-0000321
00000022
00000379 
00000463
00000202
-0000194
-0000398 
-0000239
00000155
00000450
00000415 
00000064
-0000291
-0000385
-0000126 
00000278
00000475
00000322
-0000075 
-0000371
-0000331
00000022
00000384 
00000461
00000198
-0000188
-0000399 
-0000244
00000154
00000447
00000411 
00000064
-0000298
-0000382
-0000123 
00000284
00000475
00000315
-0000065 
-0000372
-0000334
00000020
00000379 
00000463
00000202
-0000197
-0000399 
-0000239
00000165
00000442
00000407 
00000070
-0000291
-0000384
-0000126 
00000278
00000479
00000322
-0000073 
-0000370
-0000331
00000030
00000373 
00000457
00000202
-0000188
-0000399 
-0000244
00000154
00000447
00000411 
00000066
-0000295
-0000382
-0000126 
00000271
00000473
00000321
-0000065 
-0000369
-0000332
00000022
00000379 
00000463
00000202
-0000197
-0000399 
-0000239
00000149
00000444
00000411 
00000068
-0000287
-0000380
-0000127 
00000278
00000475
00000322
-0000073 
-0000370
-0000331
00000018
00000377 
00000461
00000204
-0000185
-0000393 
-0000246
00000154
00000447
00000411 
00000066
-0000295
-0000382
-0000123 
00000278
00000477
00000321
-0000064 
-0000364
-0000340
00000020
00000379 
00000463
00000202
-0000197
-0000399 
-0000238
00000155
00000446
00000411 
00000070
-0000283
-0000390
-0000132 
00000278
00000479
00000326
-0000071 
-0000370
-0000331
00000017
00000379 
00000463
00000198
-0000184
-0000403 
