// output of ./demo/seq/A218694-demo.cc:
// Description:
//% OEIS sequence A218694:
//% Compositions of n where adjacent parts are distinct (Carlitz compositions)
//% and all parts are odd.

arg 1: 15 == n  [Carlitz compositions of n into odd parts]  default=15
  1:  1 3 1 3 1 5 1
  2:  1 3 1 3 7
  3:  1 3 1 5 1 3 1
  4:  1 3 1 7 3
  5:  1 3 1 9 1
  6:  1 3 5 1 5
  7:  1 3 7 1 3
  8:  1 3 7 3 1
  9:  1 3 11
 10:  1 5 1 3 1 3 1
 11:  1 5 1 3 5
 12:  1 5 1 5 3
 13:  1 5 1 7 1
 14:  1 5 3 1 5
 15:  1 5 3 5 1
 16:  1 5 9
 17:  1 7 1 5 1
 18:  1 7 3 1 3
 19:  1 9 1 3 1
 20:  1 9 5
 21:  1 11 3
 22:  1 13 1
 23:  3 1 3 1 3 1 3
 24:  3 1 3 1 7
 25:  3 1 3 5 3
 26:  3 1 3 7 1
 27:  3 1 5 1 5
 28:  3 1 7 1 3
 29:  3 1 7 3 1
 30:  3 1 11
 31:  3 5 1 5 1
 32:  3 5 3 1 3
 33:  3 5 7
 34:  3 7 1 3 1
 35:  3 7 5
 36:  3 9 3
 37:  3 11 1
 38:  5 1 3 1 5
 39:  5 1 3 5 1
 40:  5 1 5 1 3
 41:  5 1 5 3 1
 42:  5 1 9
 43:  5 3 1 5 1
 44:  5 3 7
 45:  5 7 3
 46:  5 9 1
 47:  7 1 3 1 3
 48:  7 1 7
 49:  7 3 1 3 1
 50:  7 3 5
 51:  7 5 3
 52:  9 1 5
 53:  9 5 1
 54:  11 1 3
 55:  11 3 1
 56:  15
 ct=56
