-0001540
-0001468 
-0001336
-0001180 
-0000972
-0000744 
-0000449
00000129 
00000661
00001009 
00001294
00001556 
00001739
00001875 
00001922
00001859 
00001770
00001583 
00001303
00001031 
00000725
00000479 
00000187
00000000 
-0000139
-0000340 
-0000540
-0000763 
-0000958
-0001143 
-0001287
-0001411 
-0001507
-0001552 
-0001551
-0001520 
-0001395
-0001235 
-0001064
-0000888 
-0000644
-0000219 
00000414
00000852 
00001121
00001407 
00001648
00001807 
00001900
00001905 
00001811
00001711 
00001484
00001207 
00000975
00000646 
00000369
00000092 
00000000
-0000210 
-0000428
-0000632 
-0000848
-0001046 
-0001223
-0001351 
-0001473
-0001547 
-0001588
-0001564 
-0001514
-0001367 
-0001203
-0001015 
-0000833
-0000604 
-0000082
00000590 
00000927
00001262 
00001479
00001722 
00001856
00001912 
00001907
00001784 
00001601
00001425 
00001120
00000879 
00000567
00000271 
00000000
-0000069 
-0000263
-0000491 
-0000704
-0000911 
-0001103
-0001268 
-0001409
-0001500 
-0001568
-0001566 
-0001544
-0001471 
-0001327
-0001151 
-0000980
-0000740 
-0000384
00000203 
00000696
00000967 
00001311
00001584 
00001761
00001867 
00001904
00001839 
00001743
00001546 
00001272
00001068 
00000784
00000449 
00000144
00000000 
