[02072   01864   01881   02008   01915   02093   02139   02213
02074   02205   02024   01993   01928   01915   01977   02104
02114   02209   02191   02140   02057   01944   01984   01880
02048   01976   02155   02229   02191   02088   02072   01901
01912   02026   01912   02072   02138   02185   02219   02088
02016   02040   01885   01992   01997   02040   02123   02225
02123   02152   02056   01976   01960   01896   02008   02096
02155   02173   02203   02137   02029   01976   01966   01945
01944   02072   02138   02189   02251   02136   02029   02030
02009   01884   01992   02042   02106   02181   02282   02129
02040   01960   01961   01835   02040   01998   02170   02257
02162   02152   02008   02008   01920   01944   02015   01944
02123   02233   02202   02188   02011   02000   01928   01944
01880   02056   02170   02173   02202   02252   02028   01960
01992   01896   02016   02008   02130   02197   02330   02048
02073   01980   01932   01945   01912   02056   02154   02269
02186   02137   02000   02008   01913   01976   01964   02027
02154   02205   02243   02120   02041   02008   01952   01756
01912   02078   02154   02161   02234   02074   02088   01960
01960   01944   02008   02026   02138   02265   02042   02216
02040   02009   01920   02027   01880   02088   02163   02157
02202   02144   02072   01944   01977   01912   01978   02056
02219   02145   02219   02123   02056   02008   01912   01944
02030   02056   02122   02185   02206   02144   02048   01996
01992   01920   01979   02024   02138   02201   02106   02200
02092   01944   02008   01897   01979   02032   02163   02189
02250   02072   02072   01976   01961   01944   01888   02130
02059   02221   02163   02186   02072   01978   01904   01951
01992   02056   02106   02197   02218   02232   02016   01977
01976   01920   01915   02072   02139   02149   02243   02096
02088   01960   01944   01945   01880   02072   02127   02237
02170   02168   02120   01944   01964   01921   01960   02073
02127   02205   02218   02120   02073   02013   01948   01928
01976   02040   02138   02185   02219   02120   02072   01992
01960   01801   02013   02048   02123   02237   02235   02156
02013   02032   01928   01944   01928   02056   02207   02181
02202   02141   02072   01912   01992   01880   01996   02032
02123   02169   02234   02123   02040   01965   01897   01964
01969   02024   02187   02193   02170   02184   01841   02072
01920   01944   01976   02152   02099   02189   02234   02126
02024   01992   01944   01933   01976   02008   02202   02185
02227   02120   02080   01976   01936   01912   01996   02112
02078   02205   02226   02129   02064   01976   01931   01944
01977   02056   02110   02229   02171   02059   02136   01904
01912   01965   02000   01928   02186   02193   02216   02136
02137   01928   01928   01917   01982   02027   02090   02249
02138   02200   02064   01976   01992   01928   01944   02079
02114   02145   02202   02120   02091   01992   01888   01961
02024   02008   02194   02161   02203   02088   02092   01912
01960   01960   02008   02024   02138   02189   02218   02144
02016   02025   01916   01960   01930   02088   02107   02105
02250   02137   02049   01936   02057   01868   01930   02040
02146   02164   02187   02120   02088   01952   01928   01976
01951   02075   02139   02105   02234   02184   02024   02056
01916   01960   01920   02048   02155   02205   02186   02168
02048   01963   01992   01912   01976   02056   02162   02093
02298   02072   02056   02040   01932   01928   01992   02024
02104   02233   02202   02091   02072   02024   01800   01992
01930   02056   02122   02309   02146   02160   02041   01976
01936   01944   01850   02072   02207   02136   02223   02190
02008   01992   01944   01912   02040   01992   02154   02201
02186   02171   02032   01992   01976   01912   01916   02088
02098   02205   02266   02120   02088   01976   01928   01928
01992   02016   02154   02193   02175   02121   02088   01944
01880   01928   02008   02008   02170   02241   02155   02200
02040   01980   01993   01929   01960   02072   02266   02125
02218   02184   02025   01944   01962   01870   01992   02040
02122   02245   02266   02079   02089   01945   01928   01951
01960   02048   02106   02213   02202   02120   01992   02025
01917   01929   02008   02040   02050   02269   02154   02168
02072   02032   01932   01950   01944   02064   02138   02133
02218   02120   02140   01920   01976   01928   02015   02016
02162   02189   02143   02152   02029   01995   02029   01898
01968   02056   02154   02121   02250   02120   02056   01992
01900   01984   01944   02058   02163   02177   02218   02122
02080   02024   01916   01945   01977   01996   02139   02213
02203   02136   02136   01928   01976   01944   01964   02057
02090   02205   02203   02152   02056   01960   01976   01913
01992   02040   02170   02161   02235   02140   02040   01960
02000   01896   01998   01998   02234   02161   02159   02152
02048   01995   01960   01904   01979   02056   02072   02233
02191   02160   01980   02008   01968   01824   01928   02072
02126   02213   02239   02105   02096   01945   01865   01932
01998   02012   02175   02245   02207   02136   02104   01968
01880   02012   01965   02072   02146   02229   02191   02152
02040   01920   01932   01937   02008   02024   02138   02204
02195   02136   02072   01888   02056   01854   02008   02024
02162   02133   02234   02104   02094   01948   01960   01961
01960   02048   02123   02121   02218   02177   02000   02008
01979   01950   01928   02075   02090   02169   02218   02104
02048   02056   01868   01960   02031   01976   02170   02129
02234   02104   02064   01982   01968   01960   01976   02027
02138   02213   02095   02248   02062   02008   01912   01976
01961   02024   02155   02117   02250   02136   02032   02016
01984   01896   02015   02009   02202   02133   02248   02110
02028   01976   01960   01888   02008   02016   02107   02221
02159   02171   02040   02008   01992   01912   01944   02072
01938   02257   02207   02152   02040   02062   01936   01896
02029   01992   02187   02181   02222   02091   02160   01928
01949   01913   01964   02080   02120   02213   02218   02200
02009   02009   01883   02008   01920   02056   02186   02077
02250   02120   02152   01920   01960   01916   02000   02024
02154   02177   02210   02248   01998   01993   01976   01947
01888   02121   02091   02189   02203   02232   02057   01961
01899   01968   01960   02136   02091   02201   02234   02120
02032   01992   01952   01853   01993   02024   02159   02201
02227   02120   02075   01960   01880   01984   01951   02048
02222   02165   02202   02156   02040   01950   01968   01916
01960   02056   02187   02173   02191   02139   02048   02016
01950   01929   01977   02008   02207   02185   02186   02160
02063   01945   01960   01881   01992   02056   02123   02273
02207   02138   02059   01920   01880   01983   01928   02060
02191   02165   02218   02106   02072   01982   01840   01966
02040   01996   02186   02217   02202   02152   02032   02000
01960   01849   02040   01992   02122   02229   02187   02168
02057   01985   01723   02024   01965   02040   02130   02281
02223   02136   02040   01880   01937   01976   01960   02032
02195   02181   02207   02128   02032   02016   02008   01929
01968   02056   02106   02229   02203   02140   02024   01980
01960   01992   01896   02093   02123   02197   02234   01944
02137   01983   01928   02040   01945   02008   02170   02189
02207   02121   02072   01944   02008   01900   02017   02040
02154   02225   02202   02152   02048   01976   01913   02040
01904   02056   02162   02197   02168   02152   02040   02024
01912   01944   02024   01992   02200   02125   02219   02136]

