[02025   01590   01324   01819   02328   02938   03298   03440
03218   02737   02138   01486   01003   00746   00776   01132
01589   02168   02744   03198   03402   03345   02903   02357
01693   01137   00805   00727   00989   01419   01970   02561
03080   03381   03413   03058   02553   01919   01301   00889
00725   00873   01269   01776   02362   02923   03307   03440
03222   02736   02136   01480   00995   00739   00779   01117
01589   02168   02746   03216   03402   03345   02903   02357
01688   01132   00805   00725   00991   01418   01970   02561
03082   03373   03413   03064   02553   01917   01301   00893
00723   00873   01265   01776   02362   02922   03306   03440
03230   02736   02139   01482   00994   00742   00774   01132
01591   02163   02746   03199   03402   03345   02901   02357
01689   01133   00809   00727   00990   01426   01978   02568
03082   03381   03413   03072   02553   01917   01300   00889
00724   00873   01265   01776   02362   02926   03314   03440
03230   02727   02139   01482   00998   00745   00776   01132
01589   02163   02746   03216   03410   03345   02901   02357
01689   01136   00813   00725   00989   01418   01976   02561
03082   03381   03413   03058   02553   01917   01301   00885
00720   00876   01262   01776   02362   02926   03306   03440
03226   02733   02137   01482   00994   00742   00774   01136
01589   02163   02746   03199   03410   03344   02901   02359
01696   01136   00813   00725   00989   01418   01976   02561
03080   03388   03413   03058   02553   01917   01301   00885
00721   00877   01268   01777   02362   02923   03307   03441
03230   02725   02137   01482   00994   00745   00772   01127
01587   02176   02753   03216   03412   03339   02908   02362
01696   01139   00809   00720   00982   01417   01981   02555
03077   03384   03417   03063   02544   01914   01308   00888
00722   00868   01263   01785   02369   02921   03316   03432
03226   02728   02145   01489   01002   00749   00769   01126
01586   02171   02756   03216   03413   03338   02908   02362
01697   01138   00805   00720   00990   01407   01978   02561
03080   03381   03409   03058   02553   01919   01309   00887
00728   00871   01265   01776   02362   02927   03307   03440
03230   02725   02139   01482   00999   00744   00770   01132
01589   02168   02746   03216   03416   03345   02901   02365
01688   01133   00805   00724   00989   01416   01976   02561
03082   03388   03413   03072   02545   01917   01301   00885
00726   00873   01267   01785   02369   02936   03317   03434
03234   02722   02145   01484   01002   00749   00769   01136
01584   02177   02743   03216   03413   03338   02908   02360
01697   01144   00809   00720   00986   01417   01985   02552
03077   03375   03417   03073   02544   01920   01300   00880
00722   00872   01267   01785   02369   02921   03313   03432
03234   02722   02145   01485   01002   00749   00773   01136
01589   02168   02744   03216   03416   03345   02901   02357
01691   01141   00809   00725   00989   01418   01978   02561
03082   03373   03409   03072   02552   01925   01301   00889
00724   00871   01269   01776   02362   02926   03306   03441
03230   02725   02139   01480   00998   00744   00774   01136
01589   02170   02746   03216   03416   03344   02903   02357
01691   01133   00807   00727   00989   01411   01981   02555
03088   03384   03409   03069   02546   01914   01301   00886
00726   00866   01266   01784   02372   02923   03313   03434
03234   02728   02145   01484   01002   00745   00773   01136
01586   02177   02752   03216   03420   03338   02908   02354
01696   01138   00805   00723   00984   01419   01984   02552
03088   03375   03417   03072   02544   01914   01301   00886
00722   00867   01266   01779   02362   02922   03306   03441
03230   02733   02144   01480   00998   00738   00771   01136
01589   02170   02746   03216   03416   03345   02903   02357
01691   01137   00809   00729   00989   01418   01978   02568
03082   03381   03413   03064   02553   01919   01301   00892
00725   00871   01269   01776   02362   02922   03306   03441
03230   02736   02141   01482   00998   00740   00776   01132
01587   02171   02753   03216   03412   03338   02908   02351
01704   01142   00809   00728   00984   01419   01984   02554
03077   03374   03411   03063   02547   01920   01301   00888
00724   00866   01270   01779   02373   02923   03313   03434
03234   02722   02145   01485   01002   00745   00773   01126
01586   02177   02753   03220   03412   03342   02908   02350
01697   01138   00809   00724   00986   01421   01978   02568
03082   03381   03413   03072   02552   01925   01301   00889
00720   00869   01269   01776   02363   02927   03314   03441
03230   02736   02138   01482   00998   00738   00771   01127
01593   02170   02746   03216   03410   03349   02903   02357
01693   01136   00809   00727   00989   01418   01976   02561
03082   03381   03413   03072   02552   01919   01301   00893
00726   00876   01269   01778   02369   02936   03317   03432
03226   02730   02145   01488   01002   00748   00775   01127
01586   02177   02753   03216   03408   03338   02908   02360
01697   01144   00811   00722   00986   01419   01984   02558
03077   03375   03417   03061   02547   01918   01308   00892
00724   00866   01266   01785   02372   02923   03317   03432
03226   02728   02145   01489   01002   00749   00780   01126
01592   02176   02746   03198   03406   03345   02901   02357
01689   01136   00813   00729   00989   01418   01976   02568
03082   03381   03413   03058   02553   01919   01301   00893
00721   00873   01269   01776   02362   02926   03307   03440
03231   02725   02139   01490   00998   00740   00774   01132
01589   02170   02746   03216   03418   03349   02901   02357
01693   01136   00813   00725   00989   01418   01976   02562
03077   03384   03417   03063   02544   01912   01308   00888
00724   00874   01266   01785   02369   02923   03317   03432
03234   02728   02145   01489   01002   00748   00775   01130
01586   02171   02753   03216   03412   03342   02908   02362
01697   01142   00809   00722   00986   01417   01981   02554
03077   03384   03409   03069   02547   01920   01308   00886
00724   00867   01267   01785   02367   02927   03307   03423
03230   02725   02139   01486   00998   00744   00774   01136
01589   02170   02746   03216   03410   03345   02901   02357
01689   01137   00813   00729   00993   01418   01978   02568
03082   03381   03413   03064   02553   01919   01303   00892
00727   00873   01269   01779   02362   02926   03306   03423
03230   02725   02139   01486   00998   00742   00771   01136
01589   02170   02760   03216   03420   03327   02884   02361
01698   01134   00800   00712   01008   01416   01979   02555
03093   03382   03405   03061   02554   01920   01306   00888
00726   00868   01271   01792   02371   02928   03319   03441
03223   02728   02138   01482   01010   00755   00770   01142
01597   02171   02747   03218   03418   03344   02900   02370
01687   01140   00805   00732   00992   01408   01979   02555
03093   03382   03405   03061   02554   01920   01306   00888
00722   00868   01271   01792   02369   02938   03314   03440
03230   02725   02139   01475   00998   00744   00776   01140
01589   02168   02746   03216   03416   03348   02901   02368
01688   01137   00805   00727   00989   01418   01978   02561
03082   03389   03413   03072   02545   01919   01301   00889
00726   00872   01269   01776   02362   02927   03314   03441
03231   02727   02144   01475   01002   00744   00771   01136
01589   02170   02746   03198   03406   03344   02901   02357
01691   01141   00809   00727   00991   01419   01978   02568
03082   03381   03409   03072   02552   01919   01303   00889]

