[01878   02199   01876   02202   01870   02186   01851   02165
01844   02155   01838   02154   01832   02133   01840   02133
01828   02127   01974   02357   01974   02357   01974   02367
01997   02381   01997   02381   01997   02409   02009   02399
02015   02399   02009   02426   02032   02422   01782   02029
01785   02006   01778   02010   01776   02017   01771   01986
01762   01977   01761   01983   01760   01951   01754   01953
01760   01957   02090   02511   02079   02507   02098   02511
02098   02526   02101   02526   02101   02526   02117   02549
02121   02549   02121   02549   02137   02573   01705   01861
01716   01842   01706   01840   01712   01834   01706   01807
01690   01803   01691   01813   01693   01789   01680   01784
01675   01783   02197   02640   02218   02657   02218   02657
02216   02661   02226   02667   02234   02666   02226   02667
02253   02682   02253   02682   01631   01688   01613   01670
01622   01663   01618   01665   01618   01645   01613   01648
01616   01650   01597   01625   01599   01626   01602   01615
02311   02751   02329   02756   02329   02743   02329   02763
02368   02772   02359   02772   02358   02778   02392   02783
02389   02789   02376   02794   01548   01519   01546   01516
01541   01527   01537   01497   01534   01500   01537   01501
01530   01480   01528   01492   01536   01480   01530   01464
02482   02831   02490   02852   02490   02852   02500   02868
02502   02868   02500   02868   02502   02886   02533   02886
02533   02886   02533   02886   01467   01394   01466   01395
01478   01378   01451   01371   01449   01359   01439   01358
01440   01371   01430   01344   01428   01335   01423   01345
02591   02911   02632   02925   02640   02934   02628   02932
02621   02937   02656   02953   02647   02935   02656   02939
02657   02942   02678   02960   01386   01288   01385   01301
01378   01269   01360   01269   01362   01266   01362   01254
01356   01248   01346   01250   01346   01250   01343   01249
02723   02996   02735   02992   02735   02992   02735   02992
02735   02999   02773   03008   02773   03014   02784   03014
02784   03014   01296   01200   01290   01195   01290   01194
01301   01196   01282   01186   01274   01186   01277   01180
01274   01186   01275   01189   01260   01157   02858   03049
02846   03046   02846   03044   02857   03031   02877   03048
02883   03038   02875   03045   02876   03056   02869   03048
02893   03072   01216   01118   01199   01134   01195   01123
01206   01116   01184   01122   01189   01113   01188   01110
01185   01120   01193   01119   01191   01094   02962   03082
02950   03082   02962   03082   02950   03082   02962   03082
02962   03091   02975   03107   02994   03104   02992   03104
02974   03107   01150   01104   01157   01075   01130   01082
01120   01077   01125   01069   01118   01074   01109   01073
01125   01069   01122   01055   01093   01057   03019   03112
03038   03120   03023   03113   03019   03112   03030   03120
03019   03112   01098   01054   01077   01061   01082   01050
01074   01050   01063   01047   01074   01050   01078   01046
01076   01053   01082   01050   01062   01034   03093   03140
03083   03135   03092   03152   03092   03140   03083   03129
03092   03152   03093   03125   03080   03128   03092   03140
03088   03125   01023   01023   01037   01023   01034   01032
01023   01037   01037   01037   01038   01034   01037   01041
01037   01023   01034   01022   01037   01023   03093   03125
03114   03146   03106   03146   03120   03141   03114   03146
03112   03147   03124   03156   03144   03151   03138   03146
03140   03156   01022   01016   01015   01021   01023   01021
01022   01016   01013   01013   01020   01013   01016   01002
01013   01013   01013   01020   01018   01010   03114   03146
03125   03152   03119   03146   03128   03144   03124   03152
03130   03154   03122   03146   03140   03156   03130   03150
01013   01013   01020   01021   01018   01016   01015   01023
03130   03150   03130   03146   03125   03156   03130   03146
03130   03144   03125   03152   03118   03146   03128   03146
01020   01023   01021   01023   01021   01031   01021   01031
01023   01031   01021   01023   01023   01023   01020   01038
01046   01023   01047   01038   03083   03131   03093   03125
03112   03144   03083   03131   03093   03125   03112   03130
03083   03130   03093   03125   03087   03130   03083   03115
01054   01038   01045   01053   01060   01044   01067   01066
01074   01050   01076   01057   01074   01054   01074   01066
01068   01057   03061   03124   03061   03109   03072   03113
03061   03124   03061   03124   03072   03095   03040   03104
03037   03120   03031   03095   03040   03104   01095   01077
01106   01082   01104   01074   01109   01075   01126   01086
01121   01087   01132   01079   01130   01086   01121   01081
01132   01085   03000   03081   03002   03082   02967   03063
02984   03080   02977   03081   02967   03063   02984   03080
02985   03081   02967   03063   02949   03061   01182   01124
01182   01119   01187   01117   01182   01126   01182   01116
01197   01137   01206   01142   01206   01127   01197   01137
01206   01138   02923   03049   02895   03041   02898   03034
02885   03041   02895   03023   02890   03034   02889   03040
02869   03029   02870   03030   02861   03021   01254   01164
01248   01183   01267   01186   01276   01189   01270   01188
01274   01186   01269   01212   01301   01196   01291   01209
01300   01215   02816   03001   02824   02998   02782   02985
02792   02992   02790   02981   02793   02981   02770   02974
02770   02977   02768   02981   02762   02979   01330   01250
01349   01269   01365   01253   01358   01250   01357   01272
01381   01280   01384   01274   01381   01293   01377   01284
02685   02933   02677   02933   02671   02937   02676   02933
02666   02913   02645   02928   02646   02903   02650   02920
02632   02891   02624   02910   01450   01328   01429   01343
01455   01359   01458   01354   01449   01369   01449   01359
01476   01392   01474   01386   01473   01385   01478   01397
02550   02866   02546   02847   02543   02863   02550   02847
02509   02849   02511   02849   02522   02858   02498   02834
02489   02829   02493   02829   01536   01477   01542   01463
01535   01476   01541   01476   01556   01485   01551   01496
01556   01493   01560   01515   01562   01514   01568   01523
02423   02789   02405   02773   02401   02778   02404   02773
02380   02762   02376   02762   02384   02768   02378   02746
02346   02731   02355   02741   01609   01604   01628   01606
01620   01606   01620   01605   01639   01637   01639   01637
01654   01633   01656   01663   01656   01655   01657   01656
02253   02677   02253   02676   02250   02671   02272   02661
02241   02672   02240   02647   02224   02639   02207   02646
02230   02642   01687   02621   01696   01769   01705   01764
01702   01784   01711   01792   01707   01798   01718   01808
02142   02581   02151   02586   02162   02586   02138   02558
02144   02573   02133   02565   02109   02543   02107   02549
02111   02533   02101   02533   01768   01896   01768   01924
01765   01921   01774   01926   01773   01941   01789   01946
01792   01958   01775   01977   01808   01978   01801   01978
02048   02443   02026   02453   02036   02452   02027   02427
01995   02430   02002   02424   02018   02409   01993   02391
01988   02408   01981   02390   01850   02082   01848   02083
01859   02104   01859   02106   01859   02106   01861   02144
01860   02145   01861   02145   01877   02153   01926   02303
01933   02306   01930   02294   01918   02293   01925   02277
01908   02270   01914   02266   01906   02245   01901   02239
01892   02250   01913   02264   01925   02264   01924   02272]

