[02062   02054   02124   02140   02164   02164   02188   02192
02188   02188   02180   02182   02173   02185   02235   02265
02279   02281   02287   02281   02285   02281   02297   02289
02294   02295   02362   02390   02402   02402   02402   02407
02407   02410   02402   02415   02395   02409   02472   02494
02520   02518   02516   02515   02522   02514   02530   02522
02525   02529   02585   02609   02635   02639   02641   02641
02625   02627   02629   02631   02645   02651   02667   02703
02723   02741   02733   02752   02745   02747   02748   02761
02747   02761   02752   02761   02811   02835   02854   02856
02865   02861   02864   02856   02882   02874   02882   02873
02870   02936   02961   02978   02976   02976   02973   02976
02973   02970   02976   02975   02993   02979   02989   03042
03072   03078   03090   03088   03088   03105   03083   03097
03094   03093   03083   03098   03100   03099   03104   03164
03176   03188   03187   03208   03200   03204   03208   03210
03208   03208   03197   03203   03197   03195   03216   03272
03304   03333   03310   03313   03313   03312   03305   03312
03312   03310   03334   03320   03327   03325   03305   03297
03308   03307   03370   03404   03428   03419   03430   03429
03420   03432   03415   03429   03421   03427   03433   03435
03441   03432   03428   03420   03433   03427   03422   03423
03427   03481   03512   03530   03523   03542   03552   03553
03553   03564   03555   03562   03560   03560   03559   03555
03547   03553   03549   03552   03536   03536   03533   03536
03544   03545   03548   03546   03554   03562   03548   03555
03546   03606   03627   03663   03659   03659   03659   03660
03665   03663   03665   03660   03657   03657   03657   03656
03649   03666   03645   03661   03645   03632   03650   03638
03640   03634   03648   03635   03638   03640   03632   03635
03624   03640   03629   03636   03633   03645   03629   03635
03656   03647   03659   03654   03632   03635   03643   03630
03660   03656   03645   03643   03657   03640   03645   03637
03642   03627   03656   03649   03653   03651   03638   03656
03641   03649   03649   03655   03643   03651   03643   03651
03647   03650   03632   03633   03635   03635   03643   03647
03647   03645   03618   03622   03619   03620   03640   03625
03590   03538   03505   03500   03504   03496   03539   03526
03536   03520   03529   03523   03528   03523   03520   03526
03520   03523   03516   03512   03520   03515   03514   03515
03520   03512   03510   03506   03506   03491   03507   03507
03432   03400   03379   03373   03401   03400   03400   03400
03414   03395   03405   03400   03387   03406   03396   03401
03398   03407   03400   03400   03392   03395   03392   03329
03305   03288   03288   03280   03269   03277   03261   03269
03275   03279   03269   03283   03275   03273   03280   03273
03276   03266   03213   03174   03168   03160   03160   03158
03152   03155   03155   03152   03145   03163   03153   03160
03141   03144   03081   03051   03049   03019   03030   03019
03033   03048   03040   03043   03025   03032   03025   03027
03024   03027   02960   02933   02921   02913   02913   02920
02908   02909   02910   02910   02909   02917   02915   02912
02843   02823   02800   02802   02792   02798   02793   02800
02800   02801   02800   02816   02784   02720   02694   02672
02696   02680   02691   02681   02685   02683   02673   02667
02673   02667   02601   02579   02551   02560   02563   02563
02551   02569   02561   02561   02563   02560   02560   02492
02466   02448   02448   02441   02448   02440   02432   02433
02444   02427   02442   02370   02346   02315   02327   02314
02322   02315   02327   02327   02326   02329   02321   02255
02235   02215   02201   02201   02217   02191   02221   02209
02215   02214   02204   02132   02116   02092   02086   02084
02084   02076   02076   02076   02076   02079   02079   02019
02006   01971   01986   01971   01975   01971   01982   01971
01981   01961   01901   01873   01853   01841   01849   01848
01853   01857   01852   01857   01863   01860   01796   01772
01756   01758   01748   01751   01748   01748   01743   01750
01731   01745   01667   01656   01640   01635   01619   01640
01627   01635   01624   01632   01625   01624   01560   01544
01513   01528   01528   01516   01528   01528   01512   01512
01512   01507   01495   01430   01403   01397   01392   01393
01409   01377   01399   01395   01399   01383   01392   01376
01311   01296   01272   01296   01272   01279   01256   01272
01264   01272   01270   01276   01266   01196   01186   01166
01172   01166   01162   01163   01166   01161   01171   01164
01167   01169   01157   01088   01075   01056   01064   01068
01056   01064   01072   01064   01068   01072   01064   01066
01060   01055   01042   00985   00968   00955   00953   00955
00945   00935   00940   00924   00943   00931   00942   00935
00946   00944   00931   00864   00840   00833   00832   00832
00827   00824   00826   00826   00832   00823   00832   00824
00819   00835   00825   00834   00824   00824   00742   00734
00718   00723   00707   00721   00715   00721   00731   00713
00728   00730   00728   00721   00702   00698   00703   00707
00710   00703   00709   00704   00727   00648   00642   00619
00622   00610   00589   00576   00588   00582   00594   00587
00594   00600   00595   00602   00594   00599   00615   00618
00613   00616   00594   00589   00593   00590   00585   00598
00592   00598   00602   00612   00592   00534   00511   00502
00496   00492   00502   00493   00500   00496   00503   00511
00497   00505   00488   00495   00479   00499   00491   00493
00493   00497   00527   00530   00525   00526   00499   00495
00499   00498   00499   00503   00501   00499   00507   00499
00509   00501   00511   00519   00523   00511   00520   00511
00523   00523   00511   00521   00511   00511   00511   00511
00523   00511   00523   00520   00519   00507   00511   00509
00503   00497   00499   00502   00535   00538   00557   00528
00524   00520   00523   00511   00526   00523   00525   00526
00525   00539   00530   00537   00504   00521   00511   00511
00524   00536   00524   00543   00601   00617   00630   00626
00645   00643   00646   00644   00634   00633   00635   00633
00648   00644   00649   00648   00634   00637   00631   00633
00633   00634   00653   00646   00648   00646   00646   00640
00643   00646   00639   00649   00720   00744   00760   00757
00765   00750   00772   00756   00775   00765   00771   00769
00773   00778   00769   00771   00768   00768   00763   00768
00764   00766   00797   00856   00873   00891   00870   00884
00880   00883   00887   00896   00884   00890   00885   00886
00880   00888   00876   00883   00888   00885   00956   00972
00989   00977   01001   01006   01004   01005   01011   01019
01006   01014   00995   01001   00986   01016   01085   01094
01113   01112   01106   01121   01112   01120   01120   01123
01120   01120   01130   01132   01143   01133   01207   01224
01243   01231   01242   01235   01242   01238   01250   01249
01248   01248   01224   01246   01306   01330   01352   01360
01360   01352   01350   01360   01346   01360   01368   01376
01357   01427   01440   01461   01459   01473   01463   01475
01479   01459   01468   01463   01469   01482   01550   01567
01598   01608   01608   01608   01597   01599   01596   01599
01608   01595   01608   01667   01683   01712   01697   01712
01714   01720   01704   01723   01720   01718   01726   01796
01820   01830   01836   01836   01822   01823   01828   01823
01830   01841   01836   01912   01912   01944   01933   01945
01937   01933   01944   01944   01937   01934   01943   02003
02034   02047   02051   02051   02059   02051   02059   02055]

