[02061   02057   02070   02060   02064   02061   02055   02066
02055   02061   02057   02066   02065   02066   02066   02060
02055   02061   02058   02061   02070   02053   02063   02056
02059   02065   02066   02060   02059   02062   02057   02059
02061   02064   02061   02064   02060   02069   02061   02063
02064   02057   02061   02069   02053   02059   02068   02061
02070   02060   02049   02070   02064   02066   02066   02060
02057   02061   02063   02061   02070   02057   02059   02056
02059   02065   02066   02060   02072   02060   02057   02059
02061   02064   02061   02072   02060   02068   02069   02057
02064   02059   02061   02055   02055   02059   02068   02053
02070   02060   02049   02066   02065   02066   02066   02060
02057   02061   02063   02061   02066   02051   02059   02060
02059   02065   02070   02060   02072   02062   02057   02059
02061   02065   02061   02065   02060   02055   02069   02059
02064   02063   02061   02068   02063   02059   02068   02060
02062   02060   02053   02070   02072   02064   02066   02060
02057   02061   02059   02061   02066   02063   02059   02080
02073   02049   02070   02060   02058   02072   02057   02059
02063   02065   02061   02065   02060   02055   02076   02057
02064   02063   02061   02069   02061   02059   02068   02060
02062   02061   02049   02066   02072   02066   02066   02061
02057   02061   02059   02076   02066   02061   02059   02056
02072   02049   02066   02060   02058   02076   02072   02051
02063   02064   02061   02065   02060   02055   02061   02059
02064   02063   02061   02053   02061   02057   02064   02061
02062   02060   02065   02064   02065   02066   02064   02061
02057   02061   02059   02061   02066   02057   02059   02056
02073   02049   02066   02060   02058   02076   02059   02051
02061   02064   02061   02065   02060   02055   02061   02059
02064   02063   02061   02053   02061   02059   02064   02061
02070   02060   02065   02064   02064   02066   02064   02061
02061   02061   02059   02061   02070   02061   02063   02056
02059   02064   02066   02060   02072   02060   02059   02051
02061   02073   02061   02065   02062   02055   02063   02059
02064   02059   02061   02053   02061   02059   02064   02061
02063   02060   02065   02066   02064   02066   02066   02061
02057   02061   02059   02061   02066   02057   02059   02056
02059   02065   02066   02060   02072   02060   02059   02051
02061   02072   02061   02065   02062   02055   02061   02063
02064   02063   02061   02055   02053   02059   02064   02061
02070   02060   02049   02066   02064   02066   02066   02060
02057   02061   02058   02061   02066   02057   02059   02060
02059   02065   02070   02060   02072   02060   02057   02066
02061   02072   02080   02057   02068   02055   02061   02059
02064   02061   02061   02053   02057   02059   02068   02061
02070   02052   02049   02070   02064   02066   02066   02060
02057   02061   02058   02084   02066   02055   02061   02056
02072   02049   02066   02060   02059   02062   02057   02067
02061   02072   02063   02064   02062   02055   02061   02063
02055   02063   02061   02053   02057   02059   02064   02061
02070   02060   02053   02066   02065   02066   02066   02060
02057   02061   02058   02084   02066   02061   02059   02056
02072   02049   02066   02060   02059   02062   02059   02059
02061   02065   02061   02064   02060   02068   02061   02063
02068   02057   02076   02053   02049   02059   02064   02061
02063   02060   02053   02070   02065   02064   02066   02060
02057   02076   02058   02076   02070   02057   02063   02056
02057   02065   02066   02060   02072   02062   02057   02059
02061   02065   02072   02064   02060   02068   02061   02063
02065   02057   02061   02053   02057   02059   02064   02061
02063   02060   02053   02070   02065   02066   02066   02061
02057   02076   02062   02061   02066   02055   02059   02060
02059   02065   02070   02060   02072   02060   02057   02059
02061   02072   02063   02064   02062   02055   02061   02063
02064   02061   02061   02055   02059   02059   02068   02061
02062   02060   02049   02070   02073   02064   02066   02060
02057   02061   02058   02069   02066   02055   02059   02056
02072   02049   02066   02060   02059   02076   02057   02067
02063   02064   02080   02064   02060   02068   02061   02061
02064   02059   02061   02053   02057   02059   02068   02061
02062   02060   02049   02066   02073   02064   02066   02060
02057   02076   02058   02061   02066   02053   02059   02056
02059   02053   02066   02060   02059   02076   02057   02066
02076   02064   02061   02072   02060   02068   02077   02057
02064   02059   02061   02068   02057   02059   02064   02061
02062   02060   02065   02064   02065   02064   02064   02080
02057   02076   02063   02061   02070   02053   02059   02056
02059   02065   02066   02060   02072   02062   02057   02059
02080   02064   02061   02065   02060   02068   02076   02057
02064   02057   02061   02069   02055   02059   02068   02061
02062   02060   02053   02064   02064   02066   02055   02066
02054   02064   02074   02062   02049   02059   02057   02059
02061   02054   02059   02057   02064   02056   02063   02066
02059   02059   02059   02059   02060   02052   02060   02056
02061   02074   02068   02068   02068   02064   02060   02060
02056   02060   02061   02066   02069   02068   02064   02068
02060   02056   02062   02052   02060   02072   02055   02068
02068   02064   02060   02056   02056   02060   02061   02066
02068   02068   02064   02068   02060   02052   02060   02053
02060   02074   02055   02068   02068   02064   02062   02056
02056   02060   02063   02066   02069   02068   02064   02064
02062   02052   02056   02060   02060   02074   02069   02064
02068   02064   02056   02060   02056   02060   02063   02066
02069   02068   02064   02064   02060   02056   02056   02063
02060   02074   02069   02064   02068   02064   02056   02060
02052   02060   02063   02066   02069   02068   02068   02064
02060   02052   02056   02061   02060   02074   02069   02064
02068   02064   02052   02060   02056   02060   02063   02066
02069   02068   02064   02064   02058   02056   02056   02060
02063   02066   02069   02064   02064   02068   02052   02060
02060   02056   02063   02066   02068   02068   02064   02068
02060   02060   02056   02061   02063   02066   02069   02064
02064   02068   02052   02060   02060   02056   02063   02064
02068   02068   02064   02064   02056   02056   02056   02060
02063   02066   02069   02064   02064   02068   02056   02060
02060   02052   02063   02066   02055   02068   02064   02064
02056   02060   02056   02060   02063   02066   02069   02064
02064   02068   02052   02060   02062   02053   02060   02072
02061   02068   02068   02064   02056   02056   02060   02060
02063   02066   02068   02068   02064   02068   02060   02052
02060   02056   02061   02074   02055   02068   02068   02064
02060   02056   02060   02060   02061   02066   02068   02064
02064   02064   02056   02060   02060   02053   02057   02072
02055   02068   02068   02064   02060   02052   02056   02060
02061   02072   02069   02064   02064   02068   02056   02056
02060   02056   02061   02074   02055   02068   02068   02064
02060   02056   02052   02060   02060   02072   02069   02064
02064   02064   02060   02056   02062   02056   02060   02074
02061   02068   02068   02064   02060   02052   02064   02061
02061   02072   02069   02064   02068   02068   02056   02056
02060   02056   02061   02072   02055   02068   02068   02064
02052   02052   02052   02061   02063   02066   02069   02064
02064   02068   02060   02060   02056   02060   02060   02074
02069   02064   02068   02064   02056   02060   02052   02062]


