// output of ./demo/comb/mixedradix-gray2-demo.cc:
// Description:
//% Mixed radix Gray code, loopless algorithm.
//% Implementation following Knuth.

arg 1: 3 == n  [Number of digits]  default=3
arg 2: 4 == rr  [Base (radix) of digits (0==>falling factorial, 1==>rising factorial)]  default=4
args 3,4,... : [Optionally supply radix for all digits (rr ignored)]
Nines: [ 3 3 3 ]
    0:      [ . . . ]     0     3  +1    f=[ 0 1 2 3 ]
    1:      [ 1 . . ]     1     0  +1    f=[ 0 1 2 3 ]
    2:      [ 2 . . ]     2     0  +1    f=[ 0 1 2 3 ]
    3:      [ 3 . . ]     3     0  +1    f=[ 1 1 2 3 ]
    4:      [ 3 1 . ]     7     1  +1    f=[ 0 1 2 3 ]
    5:      [ 2 1 . ]     6     0  -1    f=[ 0 1 2 3 ]
    6:      [ 1 1 . ]     5     0  -1    f=[ 0 1 2 3 ]
    7:      [ . 1 . ]     4     0  -1    f=[ 1 1 2 3 ]
    8:      [ . 2 . ]     8     1  +1    f=[ 0 1 2 3 ]
    9:      [ 1 2 . ]     9     0  +1    f=[ 0 1 2 3 ]
   10:      [ 2 2 . ]    10     0  +1    f=[ 0 1 2 3 ]
   11:      [ 3 2 . ]    11     0  +1    f=[ 1 1 2 3 ]
   12:      [ 3 3 . ]    15     1  +1    f=[ 0 2 2 3 ]
   13:      [ 2 3 . ]    14     0  -1    f=[ 0 2 2 3 ]
   14:      [ 1 3 . ]    13     0  -1    f=[ 0 2 2 3 ]
   15:      [ . 3 . ]    12     0  -1    f=[ 2 1 2 3 ]
   16:      [ . 3 1 ]    28     2  +1    f=[ 0 1 2 3 ]
   17:      [ 1 3 1 ]    29     0  +1    f=[ 0 1 2 3 ]
   18:      [ 2 3 1 ]    30     0  +1    f=[ 0 1 2 3 ]
   19:      [ 3 3 1 ]    31     0  +1    f=[ 1 1 2 3 ]
   20:      [ 3 2 1 ]    27     1  -1    f=[ 0 1 2 3 ]
   21:      [ 2 2 1 ]    26     0  -1    f=[ 0 1 2 3 ]
   22:      [ 1 2 1 ]    25     0  -1    f=[ 0 1 2 3 ]
   23:      [ . 2 1 ]    24     0  -1    f=[ 1 1 2 3 ]
   24:      [ . 1 1 ]    20     1  -1    f=[ 0 1 2 3 ]
   25:      [ 1 1 1 ]    21     0  +1    f=[ 0 1 2 3 ]
   26:      [ 2 1 1 ]    22     0  +1    f=[ 0 1 2 3 ]
   27:      [ 3 1 1 ]    23     0  +1    f=[ 1 1 2 3 ]
   28:      [ 3 . 1 ]    19     1  -1    f=[ 0 2 2 3 ]
   29:      [ 2 . 1 ]    18     0  -1    f=[ 0 2 2 3 ]
   30:      [ 1 . 1 ]    17     0  -1    f=[ 0 2 2 3 ]
   31:      [ . . 1 ]    16     0  -1    f=[ 2 1 2 3 ]
   32:      [ . . 2 ]    32     2  +1    f=[ 0 1 2 3 ]
   33:      [ 1 . 2 ]    33     0  +1    f=[ 0 1 2 3 ]
   34:      [ 2 . 2 ]    34     0  +1    f=[ 0 1 2 3 ]
   35:      [ 3 . 2 ]    35     0  +1    f=[ 1 1 2 3 ]
   36:      [ 3 1 2 ]    39     1  +1    f=[ 0 1 2 3 ]
   37:      [ 2 1 2 ]    38     0  -1    f=[ 0 1 2 3 ]
   38:      [ 1 1 2 ]    37     0  -1    f=[ 0 1 2 3 ]
   39:      [ . 1 2 ]    36     0  -1    f=[ 1 1 2 3 ]
   40:      [ . 2 2 ]    40     1  +1    f=[ 0 1 2 3 ]
   41:      [ 1 2 2 ]    41     0  +1    f=[ 0 1 2 3 ]
   42:      [ 2 2 2 ]    42     0  +1    f=[ 0 1 2 3 ]
   43:      [ 3 2 2 ]    43     0  +1    f=[ 1 1 2 3 ]
   44:      [ 3 3 2 ]    47     1  +1    f=[ 0 2 2 3 ]
   45:      [ 2 3 2 ]    46     0  -1    f=[ 0 2 2 3 ]
   46:      [ 1 3 2 ]    45     0  -1    f=[ 0 2 2 3 ]
   47:      [ . 3 2 ]    44     0  -1    f=[ 2 1 2 3 ]
   48:      [ . 3 3 ]    60     2  +1    f=[ 0 1 3 3 ]
   49:      [ 1 3 3 ]    61     0  +1    f=[ 0 1 3 3 ]
   50:      [ 2 3 3 ]    62     0  +1    f=[ 0 1 3 3 ]
   51:      [ 3 3 3 ]    63     0  +1    f=[ 1 1 3 3 ]
   52:      [ 3 2 3 ]    59     1  -1    f=[ 0 1 3 3 ]
   53:      [ 2 2 3 ]    58     0  -1    f=[ 0 1 3 3 ]
   54:      [ 1 2 3 ]    57     0  -1    f=[ 0 1 3 3 ]
   55:      [ . 2 3 ]    56     0  -1    f=[ 1 1 3 3 ]
   56:      [ . 1 3 ]    52     1  -1    f=[ 0 1 3 3 ]
   57:      [ 1 1 3 ]    53     0  +1    f=[ 0 1 3 3 ]
   58:      [ 2 1 3 ]    54     0  +1    f=[ 0 1 3 3 ]
   59:      [ 3 1 3 ]    55     0  +1    f=[ 1 1 3 3 ]
   60:      [ 3 . 3 ]    51     1  -1    f=[ 0 3 2 3 ]
   61:      [ 2 . 3 ]    50     0  -1    f=[ 0 3 2 3 ]
   62:      [ 1 . 3 ]    49     0  -1    f=[ 0 3 2 3 ]
   63:      [ . . 3 ]    48     0  -1    f=[ 3 1 2 3 ]
 ct=64
