-0000248
00000299 
00000720
00001056 
00001464
00001806 
00002112
00002351 
00002508
00002592 
00002592
00002462 
00002275
00002039 
00001696
00001312 
00000944
00000515 
-0000220
-0000598 
-0000936
-0001226 
-0001568
-0001871 
-0002087
-0002260 
-0002372
-0002366 
-0002303
-0002143 
-0001967
-0001647 
-0001367
-0000960 
-0000556
-0000060 
00000470
00000873 
00001264
00001598 
00001948
00002224 
00002439
00002547 
00002615
00002531 
00002383
00002184 
00001863
00001555 
00001155
00000785 
00000317
-0000372 
-0000683
-0001062 
-0001376
-0001681 
-0001950
-0002151 
-0002310
-0002369 
-0002328
-0002239 
-0002110
-0001839 
-0001568
-0001261 
-0000847
-0000460 
00000128
00000593 
00000995
00001364 
00001680
00002000 
00002279
00002467 
00002576
00002566 
00002512
00002328 
00002083
00001742 
00001367
00001015 
00000572
00000125 
-0000489
-0000800 
-0001168
-0001480 
-0001767
-0002016 
-0002214
-0002311 
-0002367
-0002301 
-0002200
-0002015 
-0001736
-0001412 
-0001120
-0000664 
-0000264
00000297 
00000719
00001104 
00001436
00001823 
00002134
00002375 
00002532
00002629 
00002551
00002398 
00002255
00001948 
00001617
00001215 
00000871
00000419 
-0000271
-0000543 
-0000919
-0001297 
-0001616
-0001895 
