00000291
00000491 
00000596
00000647 
00000664
00000666 
00000655
00000653 
00000631
00000611 
00000593
00000568 
00000518
00000462 
00000424
00000370 
00000317
00000275 
00000238
00000184 
00000135
00000083 
00000029
-0000032 
-0000086
-0000138 
-0000181
-0000216 
-0000268
-0000318 
-0000351
-0000393 
-0000433
-0000471 
-0000502
-0000540 
-0000575
-0000608 
-0000639
-0000675 
-0000706
-0000746 
-0000773
-0000792 
-0000792
-0000787 
-0000769
-0000758 
-0000728
-0000717 
-0000694
-0000669 
-0000654
-0000639 
-0000618
-0000570 
-0000519
-0000467 
-0000420
-0000372 
-0000317
-0000260 
-0000220
-0000162 
-0000118
-0000068 
-0000014
00000041 
00000092
00000141 
00000183
00000233 
00000272
00000318 
00000357
00000394 
00000431
00000467 
00000504
00000532 
00000574
00000604 
00000638
00000671 
00000703
00000727 
00000748
00000756 
00000751
00000738 
00000715
00000697 
00000680
00000660 
00000642
00000615 
00000594
00000552 
00000504
00000453 
00000405
00000362 
00000311
00000263 
00000211
00000168 
00000115
00000069 
00000019
-0000043 
-0000088
-0000144 
-0000187
-0000234 
-0000274
-0000316 
-0000362
-0000399 
-0000441
-0000470 
-0000512
-0000545 
-0000582
-0000609 
-0000648
-0000682 
-0000715
-0000740 
