 -0001034
 -0001630 
 -0002047
 -0002340 
 -0002572
 -0002729 
 -0002879
 -0002969 
 -0003050
 -0003118 
 -0003107
 -0003071 
 -0003031
 -0002953 
 -0002841
 -0002730 
 -0002581
 -0002423 
 -0002258
 -0002094 
 -0001922
 -0001718 
 -0001524
 -0001321 
 -0001102
 -0000874 
 -0000668
 -0000452 
 -0000198
 00000268 
 00000472
 00000697 
 00000902
 00001117 
 00001344
 00001556 
 00001770
 00001973 
 00002180
 00002409 
 00002617
 00002753 
 00002855
 00002928 
 00002985
 00003030 
 00003056
 00003087 
 00003111
 00003123 
 00003120
 00003134 
 00003132
 00003145 
 00003124
 00003135 
 00003117
 00003119 
 00003096
 00003051 
 00002927
 00002767 
 00002579
 00002381 
 00002176
 00001949 
 00001736
 00001530 
 00001299
 00001059 
 00000845
 00000610 
 00000377
 00000048 
 -0000304
 -0000535 
 -0000743
 -0000956 
 -0001175
 -0001375 
 -0001608
 -0001829 
 -0002022
 -0002256 
 -0002455
 -0002655 
 -0002837
 -0002999 
 -0003145
 -0003264 
 -0003343
 -0003442 
 -0003491
 -0003543 
 -0003575
 -0003583 
 -0003554
 -0003520 
 -0003393
 -0003285 
 -0003152
 -0002995 
 -0002844
 -0002691 
 -0002489
 -0002332 
 -0002119
 -0001949 
 -0001741
 -0001534 
 -0001312
 -0001076 
 -0000858
 -0000635 
 -0000397
 -0000042 
 00000360
 00000577 
 00000806
 00001012 
 00001231
 00001439 
 00001644
 00001863 
 00002082
 00002321 
 00002532
 00002705
 
