[02330   02340   02335   02352   02351   02364   02368   02377
02375   02393   02393   02394   02411   02418   02419   02430
02441   02448   02444   02458   02473   02470   02475   02498
02484   02491   02514   02509   02514   02532   02532   02546
02543   02538   02564   02571   02575   02593   02578   02594
02596   02610   02625   02622   02613   02623   02639   02644
02650   02674   02670   02661   02683   02690   02704   02693
02713   02709   02715   02724   02729   02738   02761   02740
02749   02756   02768   02752   02762   02771   02763   02773
02773   02763   02813   02858   02853   02842   02839   02836
02838   02863   02896   02873   02865   02882   02901   02910
02895   02898   02895   02933   02932   02922   02933   02954
02939   02942   02959   02964   02955   02966   02974   02981
02977   02994   02987   02997   02991   03014   03024   03016
03029   03034   03029   03048   03046   03056   03050   03072
03056   03072   03063   03072   03073   03081   03078   03082
03105   03090   03084   03118   03105   03105   03136   03109
03109   03133   03122   03114   03141   03140   03128   03157
03133   03145   03159   03147   03157   03169   03158   03178
03178   03184   03185   03175   03175   03183   03186   03200
03200   03191   03183   03198   03204   03198   03216   03210
03205   03213   03209   03221   03222   03209   03230   03217
03233   03238   03215   03230   03227   03233   03237   03242
03237   03231   03245   03237   03230   03248   03243   03249
03248   03258   03243   03248   03257   03252   03243   03247
03253   03266   03249   03261   03258   03253   03265   03255
03247   03247   03243   03266   03253   03245   03266   03247
03272   03253   03259   03243   03253   03253   03245   03254
03245   03248   03252   03256   03249   03249   03255   03251
03266   03241   03253   03231   03258   03248   03232   03247
03221   03232   03242   03223   03242   03240   03223   03242
03215   03231   03226   03226   03231   03198   03240   03221
03194   03215   03204   03198   03210   03189   03211   03189
03179   03210   03173   03184   03189   03168   03190   03180
03162   03178   03168   03156   03165   03162   03135   03158
03146   03146   03140   03135   03136   03138   03117   03136
03119   03117   03114   03113   03105   03102   03098   03101
03098   03085   03093   03082   03076   03074   03082   03061
03061   03072   03056   03048   03041   03031   03023   03028
03030   03023   03005   03010   03005   03010   03008   02989
02981   02986   02986   02967   02959   02965   02962   02946
02937   02948   02942   02927   02917   02911   02917   02910
02902   02901   02901   02890   02875   02869   02869   02863
02857   02853   02847   02849   02827   02826   02826   02825
02813   02816   02794   02800   02788   02781   02773   02770
02768   02747   02754   02754   02735   02740   02730   02722
02718   02714   02703   02706   02706   02696   02682   02687
02689   02682   02682   02677   02678   02667   02661   02642
02617   02608   02586   02565   02558   02543   02549   02552
02541   02550   02539   02549   02538   02537   02507   02506
02493   02479   02472   02463   02461   02458   02454   02447
02442   02427   02421   02409   02391   02391   02389   02386
02383   02384   02362   02349   02345   02344   02335   02325
02306   02303   02301   02298   02285   02281   02271   02262
02248   02250   02239   02234   02217   02228   02216   02194
02191   02187   02171   02165   02170   02151   02138   02152
02138   02109   02118   02117   02098   02106   02096   02063
02085   02053   02053   02050   02029   02025   02037   02010
02015   01999   01992   01994   01973   01974   01957   01961
01943   01943   01927   01922   01921   01898   01921   01890
01882   01886   01855   01866   01855   01850   01844   01832
01829   01819   01801   01808   01788   01800   01765   01775
01764   01759   01749   01746   01725   01723   01717   01706
01714   01694   01696   01675   01671   01670   01665   01658
01642   01638   01632   01610   01621   01610   01607   01579
01597   01570   01573   01562   01564   01554   01549   01537
01527   01524   01511   01498   01505   01483   01493   01466
01477   01456   01464   01450   01453   01439   01428   01431
01407   01418   01409   01399   01397   01381   01387   01366
01378   01349   01349   01349   01334   01349   01322   01329
01317   01295   01308   01277   01298   01275   01296   01262
01271   01263   01254   01253   01237   01226   01231   01234
01210   01213   01199   01204   01192   01181   01178   01189
01171   01163   01165   01153   01150   01143   01133   01139
01141   01117   01134   01103   01118   01096   01084   01094
01083   01070   01095   01069   01066   01077   01058   01041
01046   01035   01023   01034   01035   01023   01018   00993
01023   01013   00991   01012   00989   00986   00998   00977
00997   00971   00974   00981   00958   00970   00948   00931
00957   00947   00937   00951   00936   00934   00935   00912
00922   00914   00914   00914   00901   00906   00918   00893
00896   00898   00875   00869   00884   00881   00866   00867
00880   00859   00871   00867   00871   00863   00862   00849
00853   00846   00848   00831   00843   00844   00844   00855
00829   00834   00829   00818   00822   00837   00821   00814
00840   00829   00816   00813   00806   00818   00803   00798
00817   00818   00815   00819   00792   00787   00816   00814
00812   00801   00805   00793   00794   00805   00792   00804
00806   00805   00797   00811   00797   00792   00805   00778
00796   00789   00807   00799   00808   00784   00801   00798
00791   00799   00820   00797   00818   00783   00794   00820
00809   00807   00807   00808   00813   00812   00807   00814
00816   00827   00827   00806   00816   00823   00812   00820
00831   00823   00836   00840   00824   00850   00821   00826
00837   00829   00830   00860   00845   00850   00852   00841
00866   00852   00862   00872   00867   00882   00889   00855
00871   00888   00864   00898   00906   00896   00900   00898
00885   00894   00908   00906   00927   00928   00927   00925
00924   00918   00933   00924   00937   00960   00957   00947
00957   00950   00973   00954   00975   00974   00986   00997
00978   00988   01005   00986   01004   01006   01037   01017
01019   01034   01023   01023   01043   01043   01068   01047
01061   01054   01055   01065   01074   01089   01099   01106
01078   01095   01121   01096   01129   01136   01122   01142
01149   01130   01162   01156   01151   01175   01174   01189
01173   01195   01197   01189   01216   01201   01219   01220
01241   01235   01245   01245   01258   01258   01265   01261
01282   01279   01286   01296   01299   01309   01321   01319
01327   01346   01342   01360   01339   01357   01374   01371
01396   01386   01402   01397   01406   01413   01421   01426
01421   01458   01434   01466   01460   01477   01470   01488
01488   01485   01503   01512   01512   01538   01518   01541
01554   01544   01565   01554   01581   01569   01592   01573
01610   01602   01629   01618   01637   01642   01650   01655
01655   01656   01685   01672   01693   01699   01701   01718
01711   01746   01709   01757   01748   01762   01780   01767
01781   01793   01787   01808   01808   01824   01819   01834
01845   01845   01858   01863   01875   01882   01885   01898
01909   01914   01921   01924   01938   01941   01948   01946
01973   01959   01986   02004   01986   02008   02013   02008
02050   02027   02031   02053   02048   02057   02071   02081
02090   02098   02106   02109   02116   02125   02132   02138
02149   02151   02166   02159   02174   02190   02181   02199
02209   02213   02226   02233   02242   02247   02251   02260
02273   02269   02282   02287   02298   02293   02320   02310]

