a = [00729   00720   00760   00776   00777   00781   00773   00786
00780   00781   00776   00795   00777   00793   00765   00794
00769   00791   00778   00800   00798   00789   00798   00799
00789   00827   00801   00823   00828   00833   00837   00841
00845   00826   00871   00856   00878   00853   00890   00871
00892   00890   00895   00906   00917   00917   00933   00924
00934   00950   00939   00965   00971   00976   00982   01005
00985   01013   01000   01020   01020   01018   01064   01046
01055   01068   01082   01062   01103   01095   01103   01120
01109   01130   01136   01150   01157   01138   01191   01148
01206   01167   01220   01193   01221   01234   01221   01246
01249   01270   01255   01279   01277   01306   01277   01306
01305   01328   01317   01328   01331   01335   01352   01365
01373   01374   01387   01381   01400   01412   01404   01442
01413   01442   01437   01437   01467   01474   01485   01480
01500   01490   01498   01509   01506   01509   01519   01529
01528   01541   01547   01565   01570   01583   01572   01577
01594   01602   01633   01593   01611   01613   01634   01641
01629   01675   01651   01663   01645   01677   01655   01674
01675   01680   01698   01690   01722   01707   01733   01717
01738   01723   01739   01746   01737   01759   01771   01786
01776   01803   01768   01818   01758   01825   01810   01821
01827   01821   01844   01834   01846   01841   01840   01849
01855   01859   01869   01885   01874   01876   01883   01893
01908   01912   01899   01924   01929   01909   01972   01919
01953   01945   01972   01950   01977   01960   01963   01957
01985   02020   01988   02022   01989   02023   01999   02034
01999   02037   02026   02050   02036   02051   02055   02031
02071   02053   02058   02090   02070   02089   02071   02092
02079   02090   02101   02116   02126   02109   02136   02106
02141   02136   02155   02160   02154   02154   02149   02146
02170   02173   02170   02202   02170   02224   02200   02219
02197   02226   02218   02224   02216   02234   02224   02235
02254   02256   02256   02282   02250   02273   02288   02280
02277   02292   02283   02294   02303   02298   02336   02326
02344   02312   02335   02319   02342   02352   02345   02342
02351   02361   02370   02383   02360   02398   02370   02405
02402   02421   02420   02475   02423   02425   02438   02415
02442   02437   02448   02472   02441   02463   02465   02471
02470   02465   02465   02463   02493   02474   02512   02493
02503   02490   02522   02512   02511   02509   02518   02507
02528   02519   02518   02541   02529   02558   02549   02558
02534   02564   02549   02562   02552   02565   02565   02569
02571   02580   02578   02601   02571   02602   02586   02601
02591   02600   02602   02583   02612   02586   02597   02583
02612   02581   02624   02608   02613   02597   02610   02600
02608   02618   02605   02628   02612   02615   02610   02642
02613   02618   02618   02628   02613   02606   02618   02624
02598   02631   02610   02621   02599   02607   02590   02613
02602   02597   02608   02608   02605   02583   02610   02584
02613   02570   02597   02576   02592   02558   02586   02569
02539   02554   02548   02559   02535   02564   02533   02590
02569   02583   02543   02565   02538   02529   02518   02536
02522   02557   02533   02539   02517   02498   02489   02518
02495   02514   02493   02498   02491   02484   02496   02462
02479   02464   02474   02453   02480   02448   02464   02446
02442   02433   02436   02437   02426   02442   02406   02424
02405   02413   02394   02402   02389   02394   02381   02381
02359   02379   02359   02386   02349   02376   02341   02362
02335   02354   02328   02330   02341   02334   02340   02315
02341   02315   02325   02280   02325   02310   02308   02296
02303   02306   02293   02302   02292   02298   02277   02313
02292   02303   02269   02282   02277   02290   02276   02280
02277   02290   02253   02294   02271   02296   02261   02281
02263   02277   02261   02266   02273   02272   02277   02266
02290   02262   02281   02266   02273   02282   02277   02282
02290   02278   02280   02274   02301   02282   02295   02282
02298   02274   02285   02292   02293   02282   02293   02302
02283   02320   02293   02314   02301   02320   02298   02311
02303   02320   02314   02311   02315   02317   02330   02325
02360   02325   02368   02344   02335   02351   02352   02350
02359   02351   02372   02352   02357   02345   02341   02326
02336   02324   02338   02334   02351   02351   02362   02365
02370   02367   02359   02378   02358   02374   02347   02370
02356   02349   02351   02357   02341   02349   02368   02360
02373   02370   02383   02356   02362   02359   02347   02362
02354   02351   02363   02346   02367   02349   02379   02357
02373   02345   02368   02356   02357   02362   02368   02357
02341   02370   02342   02364   02330   02358   02333   02357
02325   02327   02333   02341   02334   02319   02325   02303
02319   02310   02341   02317   02303   02322   02310   02301
02293   02290   02283   02277   02293   02273   02287   02269
02290   02272   02272   02258   02273   02253   02258   02254
02261   02276   02251   02272   02240   02239   02229   02242
02217   02232   02224   02218   02196   02197   02217   02196
02195   02152   02214   02167   02170   02174   02152   02164
02143   02168   02159   02153   02136   02131   02151   02106
02144   02111   02114   02112   02122   02110   02085   02104
02077   02096   02080   02086   02056   02089   02039   02081
02047   02037   02038   02048   02022   02038   02016   02017
02034   01989   02015   01997   01987   01981   01976   01981
01977   01974   01965   01966   01957   01927   01968   01937
01958   01924   01930   01916   01915   01907   01913   01902
01893   01898   01877   01882   01876   01877   01842   01877
01845   01850   01841   01845   01832   01829   01831   01819
01825   01797   01807   01789   01794   01812   01786   01794
01800   01769   01759   01765   01769   01737   01767   01748
01765   01718   01756   01714   01725   01720   01709   01705
01694   01699   01671   01713   01680   01701   01660   01685
01656   01665   01652   01657   01644   01642   01633   01632
01628   01610   01625   01599   01626   01593   01597   01589
01579   01596   01560   01574   01577   01566   01584   01543
01555   01536   01558   01521   01550   01528   01532   01510
01508   01501   01498   01508   01488   01457   01482   01502
01488   01482   01451   01472   01435   01441   01439   01445
01445   01438   01445   01413   01434   01397   01401   01412
01393   01398   01369   01381   01370   01374   01380   01357
01366   01328   01348   01322   01313   01335   01310   01325
01302   01296   01279   01297   01289   01279   01277   01262
01261   01269   01263   01264   01240   01245   01234   01231
01208   01199   01213   01181   01209   01180   01173   01183
01182   01165   01170   01145   01151   01119   01164   01109
01150   01122   01124   01114   01108   01107   01096   01085
01082   01070   01072   01056   01053   01054   01031   01023
01023   01019   01008   01023   00981   01019   00984   01002
00985   00991   00949   00997   00957   00974   00957   00962
00919   00944   00920   00916   00912   00899   00905   00902
00911   00869   00898   00870   00883   00843   00884   00846
00868   00850   00849   00839   00834   00837   00820   00834
00805   00829   00799   00816   00806   00800   00784   00784
00787   00779   00777   00781   00753   00785   00752   00778
00733   00768   00747   00752   00734   00732   00738   00738
00735   00741   00748   00717   00747   00727   00752   00712
00727   00716   00723   00723   00703   00735   00720   00734
00716   00751   00712   00730   00706   00739   00721   00726]

a = a-2048
a = reshape(a',1,1000)
b = 0:999
plot (b,a)

