-0000435
-0000226 
-0000028
00000055 
00000268
00000476 
00000673
00000887 
00001075
00001224 
00001330
00001372 
00001358
00001315 
00001206
00001056 
00000879
00000691 
00000487
00000272 
-0000030
-0000308 
-0000527
-0000723 
-0000901
-0001000 
-0001064
-0001088 
-0001052
-0000959 
-0000815
-0000636 
-0000435
-0000223 
-0000020
00000068 
00000251
00000435 
00000635
00000835 
00001039
00001176 
00001276
00001331 
00001315
00001276 
00001169
00001057 
00000867
00000689 
00000499
00000286 
-0000013
-0000316 
-0000531
-0000734 
-0000911
-0001031 
-0001108
-0001121 
-0001080
-0000991 
-0000856
-0000676 
-0000471
-0000272 
-0000043
00000035 
00000240
00000460 
00000668
00000876 
00001057
00001188 
00001292
00001315 
00001288
00001231 
00001120
00000976 
00000798
00000600 
00000400
00000184 
-0000188
-0000409 
-0000624
-0000826 
-0000975
-0001079 
-0001120
-0001132 
-0001063
-0000944 
-0000775
-0000606 
-0000391
-0000171 
00000000
00000110 
00000317
00000551 
00000755
00000974 
00001129
00001247 
00001294
00001312 
00001263
00001182 
00001048
00000892 
00000702
00000484 
00000277
-0000031 
-0000314
-0000536 
-0000742
-0000911 
-0001046
-0001104 
-0001127
-0001104 
-0001001
-0000855 
-0000675
-0000480 
