 -0002444
 -0002460 
 -0002452
 -0002412 
 -0002340
 -0002248 
 -0002132
 -0001992 
 -0001813
 -0001600 
 -0001444
 -0001260 
 -0001044
 -0000808 
 -0000492
 00000104 
 00000590
 00000800 
 00001062
 00001376 
 00001696
 00002016 
 00002274
 00002442 
 00002592
 00002722 
 00002814
 00002912 
 00002914
 00002912 
 00002848
 00002784 
 00002658
 00002530 
 00002370
 00002208 
 00002048
 00001846 
 00001646
 00001412 
 00001158
 00000888 
 00000614
 00000354 
 00000094
 00000000 
 -0000149
 -0000340 
 -0000560
 -0000784 
 -0001004
 -0001232 
 -0001448
 -0001664 
 -0001860
 -0002036 
 -0002188
 -0002332 
 -0002436
 -0002524 
 -0002576
 -0002584 
 -0002572
 -0002524 
 -0002452
 -0002368 
 -0002268
 -0002141 
 -0001996
 -0001820 
 -0001600
 -0001356 
 -0001092
 -0000876 
 -0000668
 -0000294 
 00000286
 00000766 
 00001098
 00001402 
 00001606
 00001858 
 00002112
 00002338 
 00002530
 00002688 
 00002790
 00002848 
 00002848
 00002816 
 00002786
 00002730 
 00002656
 00002530 
 00002400
 00002246 
 00002082
 00001902 
 00001710
 00001506 
 00001250
 00001006 
 00000738
 00000480 
 00000214
 00000000 
 -0000064
 -0000256 
 -0000460
 -0000684 
 -0000908
 -0001132 
 -0001356
 -0001564 
 -0001773
 -0001984 
 -0002140
 -0002292 
 -0002432
 -0002524 
 -0002624
 -0002644 
 -0002652
 -0002632 
 -0002580
 -0002496 
 -0002396
 -0002268 
