-0000590
-0000178 
00000328
00000696 
00001080
00001480 
00001912
00002360 
00002824
00003112 
00003289
00003432 
00003512
00003576 
00003581
00003640 
00003640
00003640 
00003642
00003641 
00003640
00003640 
00003640
00003583 
00003448
00003128 
00002776
00002392 
00001979
00001576 
00001176
00000760 
00000363
-0000264 
-0000632
-0001000 
-0001368
-0001768 
-0002104
-0002456 
-0002776
-0003064 
-0003352
-0003576 
-0003768
-0003928 
-0004024
-0004088 
-0004056
-0003992 
-0003896
-0003736 
-0003512
-0003256 
-0002968
-0002648 
-0002344
-0001976 
-0001576
-0001200 
-0000776
-0000363 
00000203
00000575 
00000952
00001306 
00001593
00001976 
00002424
00002841 
00003128
00003336 
00003448
00003512 
00003576
00003579 
00003640
00003640 
00003640
00003640 
00003640
00003640 
00003624
00003480 
00003192
00002840 
00002456
00002040 
00001624
00001232 
00001016
00000744 
00000409
-0000033 
-0000433
-0000795 
-0001176
-0001560 
-0001929
-0002296 
-0002619
-0002936 
-0003224
-0003480 
-0003720
-0003896 
-0004024
-0004091 
-0004095
-0004095 
-0004025
-0003902 
-0003736
-0003513 
-0003256
-0002968 
-0002648
-0002328 
-0001946
-0001560 
-0001160
-0000792 
-0000360
00000203 
00000555
00000936 
00001339
00001752 
