-0000100
-0000136 
-0000122
-0000088 
-0000048
-0000001 
00000047
00000103 
00000140
00000174 
00000222
00000268 
00000301
00000346 
00000382
00000412 
00000443
00000482 
00000529
00000552 
00000585
00000608 
00000621
00000616 
00000613
00000589 
00000581
00000559 
00000556
00000533 
00000524
00000492 
00000450
00000409 
00000362
00000313 
00000270
00000226 
00000187
00000145 
00000096
00000045 
-0000006
-0000053 
-0000098
-0000146 
-0000192
-0000245 
-0000283
-0000333 
-0000367
-0000402 
-0000444
-0000496 
-0000527
-0000553 
-0000590
-0000625 
-0000662
-0000695 
-0000724
-0000751 
-0000782
-0000793 
-0000822
-0000831 
-0000829
-0000818 
-0000797
-0000769 
-0000760
-0000732 
-0000719
-0000689 
-0000651
-0000607 
-0000554
-0000509 
-0000447
-0000399 
-0000349
-0000309 
-0000265
-0000233 
-0000190
-0000140 
-0000106
-0000054 
-0000020
00000025 
00000075
00000117 
00000168
00000208 
00000254
00000279 
00000329
00000368 
00000406
00000439 
00000479
00000522 
00000543
00000576 
00000609
00000640 
00000668
00000700 
00000720
00000736 
00000721
00000696 
00000684
00000666 
00000645
00000630 
00000615
00000590 
00000568
00000515 
00000464
00000417 
00000376
00000327 
00000278
00000233 
00000192
00000141 
