00001062
00001523 
00001689
00001678 
00001578
00001376 
00001161
00000923 
00000693
00000460 
00000227
-0000123 
-0000345
-0000557 
-0000778
-0000986 
-0001196
-0001423 
-0001639
-0001854 
-0002075
-0002270 
-0002454
-0002607 
-0002722
-0002837 
-0002912
-0002988 
-0003042
-0003097 
-0003103
-0003102 
-0003076
-0002992 
-0002897
-0002790 
-0002660
-0002525 
-0002377
-0002210 
-0002024
-0001847 
-0001656
-0001457 
-0001266
-0001056 
-0000852
-0000624 
-0000399
-0000076 
0000273
00000495 
00000700
00000923 
00001115
00001343 
00001564
00001801 
00002000
00002251 
00002463
00002650 
00002775
00002867 
00002944
00002992 
00003032
00003075 
00003091
00003102 
00003118
00003135 
00003139
00003152 
00003142
00003123 
00003131
00003116 
00003130
00003067 
00002984
00002835 
00002689
00002544 
00002370
00002205 
00002024
00001826 
00001645
00001442 
00001224
00001004 
00000787
00000540 
00000321
-0000048 
-0000341
-0000558 
-0000776
-0000991 
-0001198
-0001424 
-0001616
-0001842 
-0002026
-0002264 
-0002464
-0002683 
-0002861
-0003028 
-0003155
-0003264 
-0003352
-0003423 
-0003491
-0003503 
-0003554
-0003521 
-0003500
-0003428 
-0003336
-0003199 
-0003082
-0002929 
-0002796
-0002620 
-0002463
-0002275
