20000200 = 80000100 00001062 80000136 00001523 
20000210 = 80000122 00001689 80000088 00001678 
20000220 = 80000048 00001578 80000001 00001376 
20000230 = 00000047 00001161 00000103 00000923 
20000240 = 00000140 00000693 00000174 00000460 
20000250 = 00000222 00000227 00000268 80000123 
20000260 = 00000301 80000345 00000346 80000557 
20000270 = 00000382 80000778 00000412 80000986 
20000280 = 00000443 80001196 00000482 80001423 
20000290 = 00000529 80001639 00000552 80001854 
200002A0 = 00000585 80002075 00000608 80002270 
200002B0 = 00000621 80002454 00000616 80002607 
200002C0 = 00000613 80002722 00000589 80002837 
200002D0 = 00000581 80002912 00000559 80002988 
200002E0 = 00000556 80003042 00000533 80003097 
200002F0 = 00000524 80003103 00000492 80003102 
20000300 = 00000450 80003076 00000409 80002992 
20000310 = 00000362 80002897 00000313 80002790 
20000320 = 00000270 80002660 00000226 80002525 
20000330 = 00000187 80002377 00000145 80002210 
20000340 = 00000096 80002024 00000045 80001847 
20000350 = 80000006 80001656 80000053 80001457 
20000360 = 80000098 80001266 80000146 80001056 
20000370 = 80000192 80000852 80000245 80000624 
20000380 = 80000283 80000399 80000333 80000076 
20000390 = 80000367 00000273 80000402 00000495 
200003A0 = 80000444 00000700 80000496 00000923 
200003B0 = 80000527 00001115 80000553 00001343 
200003C0 = 80000590 00001564 80000625 00001801 
200003D0 = 80000662 00002000 80000695 00002251 
200003E0 = 80000724 00002463 80000751 00002650 
200003F0 = 80000782 00002775 80000793 00002867 
20000400 = 80000822 00002944 80000831 00002992 
20000410 = 80000829 00003032 80000818 00003075 
20000420 = 80000797 00003091 80000769 00003102 
20000430 = 80000760 00003118 80000732 00003135 
20000440 = 80000719 00003139 80000689 00003152 
20000450 = 80000651 00003142 80000607 00003123 
20000460 = 80000554 00003131 80000509 00003116 
20000470 = 80000447 00003130 80000399 00003067 
20000480 = 80000349 00002984 80000309 00002835 
20000490 = 80000265 00002689 80000233 00002544 
200004A0 = 80000190 00002370 80000140 00002205 
200004B0 = 80000106 00002024 80000054 00001826 
200004C0 = 80000020 00001645 00000025 00001442 
200004D0 = 00000075 00001224 00000117 00001004 
200004E0 = 00000168 00000787 00000208 00000540 
200004F0 = 00000254 00000321 00000279 80000048 
20000500 = 00000329 80000341 00000368 80000558 
20000510 = 00000406 80000776 00000439 80000991 
20000520 = 00000479 80001198 00000522 80001424 
20000530 = 00000543 80001616 00000576 80001842 
20000540 = 00000609 80002026 00000640 80002264 
20000550 = 00000668 80002464 00000700 80002683 
20000560 = 00000720 80002861 00000736 80003028 
20000570 = 00000721 80003155 00000696 80003264 
20000580 = 00000684 80003352 00000666 80003423 
20000590 = 00000645 80003491 00000630 80003503 
200005A0 = 00000615 80003554 00000590 80003521 
200005B0 = 00000568 80003500 00000515 80003428 
200005C0 = 00000464 80003336 00000417 80003199 
200005D0 = 00000376 80003082 00000327 80002929 
200005E0 = 00000278 80002796 00000233 80002620 
200005F0 = 00000192 80002463 00000141 80002275 