#
# Complete list of the irreducible polynomials over GF(2)
# of the form  x^d + \sum_{k=0}^{q}{x^q}
#   where q<d  and d<=400
#
# Short form:  a line of the form
#   d:  t1 t2 t3 t4 ...tn
# corresponds to n entries in the usual form:
#   d, tj, tj-1, tj-2, ..., 1, 0  (j \in 1..n)
#.
# Generated by Joerg Arndt, 2003-March-03
#

2:  1
3:  1
4:  1 3
5:  3
6:  1
7:  1 3 5
8:  5
9:  1
10:  3 7 9
12:  5 7 11
13:  11
14:  5 9
15:  1 7 13
16:  5
17:  3 5
18:  5 7 11 17
19:  5
20:  3 9 17
21:  5 13
22:  1
23:  5 11 21
25:  3 7 13 21
26:  11 21
28:  1 3 11 15 17 27
30:  1
31:  3 7 17 23 27
33:  19
34:  7 25 29
36:  5 23 29 35
37:  5 35
39:  17 29 31
41:  3 11
42:  5 13 19 23
43:  13
46:  1
47:  11 33 39 41 45
48:  13
49:  15 17 19
50:  9 29 47
52:  3 7 9 27 31 33 51
55:  7 31 39 51
57:  7 29 35 49
58:  11 21 35 41 47 57
60:  1 13 17 29 59
61:  5
62:  17 41
63:  1 25 31 37 61
64:  9 21
66:  23 35 41 65
68:  47 53 59
71:  27 29
73:  21 31 41 47 51 61
74:  11 35 57 71
76:  43 59 65 73
79:  37 39 65
81:  61 71
82:  39 45 59 69 81
84:  19 25 61
85:  83
87:  19 23 47 65
88:  5 17 29
89:  11 45
90:  17
91:  17
92:  35 65 89
94:  37
95:  27 77 89
97:  13 25 29 53 63 65 93
98:  29 41
100:  29 37 39 41 61 63 99
103:  31 61 75 77
104:  9
105:  53 61 67 97
106:  13 15 61 65 77 105
108:  31 55 61 91
111:  11 65 71 77 85 97 107
112:  5
113:  15 41 51 105 107
114:  11 61
116:  53 59 111 113
117:  17
119:  9 11 27 47 99 107
121:  27 35 57 71 93 103
124:  25 35 67
127:  1 7 15 33 35 49 57 63 65 75 99 105 111 119 125
129:  31 61 91
130:  3 67 89 103 109 127 129
132:  35 43 95 97 125
133:  13
135:  41 43 67
137:  17
138:  11 119 137
140:  47 87
143:  17 41
145:  21 49 61 103
146:  17 21 29 141
147:  5 13
148:  13 61 121 125 147
150:  37
151:  3 15 31 45 63 83 147
152:  21 33 101
153:  1 49 79
154:  15 27 39 45 59 75 97 115
155:  9
156:  43 97
159:  11 17 31 89 151
161:  53 99 101
162:  149 161
164:  111 147
165:  29
167:  9 95 105
169:  127 159
170:  9 161
171:  5
172:  1 7 27 33 99 105 119 123 153 165 171
175:  123 169
177:  53 67 89 145 167 169 173
178:  13 31 51 69 73 111 121 145 177
180:  17 133 179
183:  49 71 79 125 127 181
185:  69
186:  113
188:  77 81 95 135 177
191:  29 105 159
193:  15 59 161
194:  101 171
196:  3 27 117 167 179 191 195
199:  35 59 129 171 185
201:  13 47 125 173
202:  21 37 51 113 135 139 155 157 163 179
204:  91 181 191
205:  9
206:  17 45
207:  101
208:  21
209:  17 29
210:  59 71 163 191 209
212:  35 95 131 173
215:  63 119 161 209
217:  59 95 135
218:  15 51 77
220:  7 41 157 163
223:  41 51 147 149 153 191
226:  55 65 83 93 105 145 155 179 211 225
228:  61 169 223
231:  29 73 163
233:  77 179 191 201
234:  19 31 199
236:  39 45
239:  5 21 29
241:  91 115 125 133 227
242:  29 59 167 185 195 215
243:  161
244:  29 109 139 217
247:  27 69 103 145 211 239
249:  89 169
250:  11 21 49 89
252:  13 25 55 167
253:  5 13
255:  79 103
257:  153 173
258:  65 91 115 133 247
260:  77 99 149 251
263:  137 183 239
265:  69 127 149 157 191 193
266:  17 33 167 243
268:  81 85 117 123 141 165 267
271:  55 125 145 207 209 245
273:  103 107 155 163 187
274:  27 107 175
276:  35 97 133 149 191 233 247
277:  45
278:  185
279:  137 167 169 269
281:  41 117 183 195 239 257
282:  43 107 119 167 209 257 259
284:  117 179
286:  17
287:  17 93 135 155 159 221
289:  189 265
290:  47 269
292:  27 35 151 203 207 255 291
295:  89 149 231 251
298:  33 47 99 223 241 267 269
299:  45
300:  7 49 191 197 259
302:  5 201
303:  1 11 155 209 239 253 271 281
304:  5
305:  11 161
306:  61 125 251 271 301
308:  15 111 125 215
311:  285
313:  41 215 245 297
314:  15 147 239 297
316:  27 63 121 161 187 225 315
319:  17 27 49 95 115 147 157 171 185 287
321:  31 241
322:  45 255 263 275
324:  139 197 257 287 319
327:  13 95 313
329:  69 131 179 239 309
330:  91 173
332:  21 45 149 173 245 273
333:  5
337:  35 111 155 237 247 329
338:  35 93 233 245 293 321
340:  41 161 169 193 243 283
343:  95 103 125 291 313
345:  11 61 91 97 113
346:  63 93 153 345
348:  109 115 307 311 347
350:  17
351:  61 71 107 191 217 337
353:  203 209
354:  115 209
356:  207 213 249 263
357:  101
359:  69 81 189 219 347
361:  241 253
362:  63 137 221 255
364:  29 81 179
365:  363
367:  27
369:  101
370:  79 119 301 321
372:  125 167 245 371
375:  43 181 187
377:  23 35 41 269 363
378:  55 149 179 347 377
380:  33 63 137 207
383:  305 315 333 363 381
385:  73 103 303 313
386:  9 75 195 219 293 309 359
388:  21 101 297 299 387
391:  31 93 163 193 247 281 347 363
393:  7 79 121
394:  81 287 377 385
396:  161 179 241
397:  21
399:  25 199 221 271
