#
# List of types of Gaussian normal basis (NB) up to n=1032.
# The smallest 10 types are listed.
# For n divisible by 8 no Gaussian NB exists.
# Bases of type 1 and 2 are optimal normal bases (ONB).
#
# A line of the form
#   n:  t1 t2 t3 t4 ...t10
# says that there is a type-t Gaussian NB for GF(2^n)
#   for t=tj  (j \in 1..10)
#.
# Generated by Joerg Arndt, 2003-December-11
#

2:   1 2 5 6 9 14 18 21 26 29
3:   2 4 6 12 20 22 24 26 32 34
4:   1 3 7 9 13 15 25 27 37 39
5:   2 6 8 12 14 20 26 36 38 42
6:   2 3 6 10 11 23 27 30 35 55
7:   4 6 10 16 18 28 30 34 40 48
8:
9:   2 4 8 18 20 22 30 42 54 58
10:   1 6 10 13 18 21 33 42 46 49
11:   2 6 8 18 32 36 38 42 56 60
12:   1 3 5 15 29 31 35 45 51 55
13:   4 6 10 12 24 34 40 42 46 52
14:   2 3 14 15 27 30 35 39 47 50
15:   4 12 14 18 22 28 36 42 44 50
16:
17:   6 8 14 18 24 26 36 38 54 56
18:   1 2 9 10 21 29 30 34 42 46
19:   10 12 22 24 30 34 40 64 78 82
20:   3 5 9 21 23 27 33 35 41 47
21:   10 16 18 20 22 26 36 42 46 48
22:   3 18 19 30 31 39 43 51 58 66
23:   2 6 12 20 26 30 36 42 44 50
24:
25:   4 16 24 28 30 42 46 48 52 58
26:   2 5 6 17 21 26 33 42 45 50
27:   6 10 14 18 20 28 48 58 60 66
28:   1 7 15 25 27 39 49 51 57 67
29:   2 8 12 18 32 38 44 50 54 60
30:   2 6 7 11 14 18 22 39 43 46
31:   10 12 36 42 46 48 60 76 82 88
32:
33:   2 6 14 20 26 30 34 44 54 70
34:   9 13 18 30 33 37 45 49 58 69
35:   2 6 8 12 14 20 30 42 66 72
36:   1 5 15 17 21 23 31 43 45 47
37:   4 6 16 34 40 48 54 60 70 78
38:   6 11 15 39 42 47 50 54 59 62
39:   2 8 14 22 24 30 32 38 48 50
40:
41:   2 18 20 30 38 42 56 62 66 68
42:   5 9 10 13 18 21 34 54 58 73
43:   4 10 22 24 30 36 40 46 52 64
44:   9 15 29 33 47 53 65 69 75 77
45:   4 6 12 14 22 26 34 36 48 56
46:   3 6 10 15 18 22 30 31 42 43
47:   6 14 20 24 26 36 38 44 50 54
48:
49:   4 10 18 28 30 34 52 54 58 64
50:   2 14 21 26 29 38 45 57 74 77
51:   2 8 12 22 30 50 56 68 70 72
52:   1 3 13 21 25 31 39 43 45 49
53:   2 14 20 32 44 56 60 66 74 80
54:   3 7 10 14 30 38 42 47 59 83
55:   12 16 18 34 42 46 52 54 58 66
56:
57:   10 26 36 50 54 58 68 74 78 80
58:   1 6 9 22 25 30 34 42 49 57
59:   12 14 18 20 32 38 48 54 60 62
60:   1 3 7 9 11 23 27 29 31 37
61:   6 12 16 28 30 40 58 66 70 76
62:   6 18 23 30 38 51 59 63 66 75
63:   6 12 14 16 36 40 42 56 62 66
64:
65:   2 8 18 20 30 32 36 44 54 86
66:   1 10 13 17 22 41 46 50 53 62
67:   4 24 28 30 46 48 60 64 66 70
68:   9 15 29 35 41 45 51 57 59 65
69:   2 12 14 20 44 48 54 58 70 72
70:   3 6 7 10 15 43 51 55 66 67
71:   8 12 18 26 30 32 36 38 60 72
72:
73:   4 6 12 22 24 42 46 52 54 64
74:   2 17 30 42 45 50 53 57 69 74
75:   10 16 26 34 38 40 56 64 66 76
76:   3 21 25 27 31 51 61 63 75 91
77:   6 8 30 38 48 50 54 60 78 84
78:   7 11 15 19 26 59 67 75 82 86
79:   4 18 28 30 34 42 48 58 70 72
80:
81:   2 6 16 20 22 28 32 38 46 60
82:   1 9 10 21 33 34 45 49 61 66
83:   2 6 12 14 24 32 54 56 62 66
84:   5 9 17 27 29 43 55 57 59 77
85:   12 16 18 22 30 42 46 52 54 60
86:   2 11 15 18 23 26 35 42 62 75
87:   4 6 18 20 28 38 46 66 84 94
88:
89:   2 12 24 30 42 44 48 50 62 68
90:   2 6 13 17 18 41 65 69 97 98
91:   6 10 12 28 42 66 76 88 96 102
92:   3 5 9 11 15 21 33 35 53 65
93:   4 12 14 16 20 42 44 54 74 76
94:   3 7 10 18 19 22 27 54 55 63
95:   2 8 20 24 30 32 48 60 66 72
96:
97:   4 10 16 18 34 40 46 48 60 70
98:   2 5 9 14 17 26 29 41 66 69
99:   2 10 18 24 32 42 44 50 58 68
100:   1 7 13 19 37 51 55 57 61 63
101:   6 8 12 36 42 50 56 62 68 78
102:   6 11 15 34 35 38 66 71 74 83
103:   6 10 12 22 24 36 42 54 70 72
104:
105:   2 4 22 24 34 40 44 46 56 72
106:   1 10 22 30 33 37 46 57 66 78
107:   6 8 14 20 36 50 54 60 74 86
108:   5 7 15 19 21 45 47 59 67 71
109:   10 22 24 30 48 52 58 64 84 90
110:   6 23 26 27 35 42 47 50 59 78
111:   20 26 28 38 40 46 62 68 72 82
112:
113:   2 14 24 26 30 32 44 50 56 60
114:   5 13 18 25 29 34 37 42 50 62
115:   4 6 10 12 22 34 42 48 52 54
116:   3 11 15 17 21 63 65 71 77 81
117:   8 10 16 30 38 50 56 64 78 84
118:   6 7 10 19 27 30 31 34 39 42
119:   2 14 20 30 54 68 74 78 80 90
120:
121:   6 12 18 22 28 30 36 58 72 78
122:   6 14 29 33 38 41 50 66 69 74
123:   10 22 30 46 52 74 76 90 92 100
124:   3 9 15 19 33 43 45 57 87 99
125:   6 18 24 32 44 56 72 84 98 104
126:   3 6 7 18 31 38 47 67 70 83
127:   4 18 24 28 40 46 60 78 88 94
128:
129:   8 10 12 28 38 52 74 80 84 88
130:   1 9 10 18 22 45 57 58 69 73
131:   2 6 8 20 26 30 42 50 62 66
132:   5 11 23 25 31 33 35 49 51 59
133:   12 16 22 34 36 52 64 66 70 84
134:   2 14 15 23 30 35 39 47 50 54
135:   2 4 12 16 26 34 46 48 56 64
136:
137:   6 8 18 20 30 36 44 48 56 60
138:   1 6 10 22 29 37 41 45 49 65
139:   4 12 18 42 48 52 54 72 82 84
140:   3 5 33 41 45 63 69 71 75 83
141:   8 12 18 30 36 40 42 58 60 70
142:   6 15 18 19 30 51 54 58 70 75
143:   6 14 20 24 26 42 54 56 62 66
144:
145:   10 12 40 42 48 52 64 70 78 96
146:   2 6 21 26 41 42 45 65 77 81
147:   6 18 24 40 44 46 56 58 60 114
148:   1 15 21 25 37 45 49 51 61 91
149:   8 12 14 18 50 60 62 68 72 74
150:   19 38 39 66 70 82 99 111 119 127
151:   6 10 16 18 22 28 36 42 46 52
152:
153:   4 10 24 30 40 44 46 54 60 66
154:   25 30 42 49 54 57 58 70 93 97
155:   2 12 18 30 72 74 80 86 108 116
156:   13 41 43 53 63 65 75 81 95 103
157:   10 24 28 36 48 60 76 94 96 124
158:   2 14 15 35 39 42 50 51 59 66
159:   22 34 38 50 52 62 64 70 80 92
160:
161:   6 8 12 20 30 42 60 68 72 92
162:   1 10 14 30 58 61 73 78 86 89
163:   4 16 36 40 46 54 60 64 70 84
164:   5 17 33 35 39 53 57 59 63 69
165:   4 6 14 28 30 32 46 52 56 60
166:   3 6 7 27 31 51 58 63 66 70
167:   14 30 44 48 84 90 96 110 116 128
168:
169:   4 12 22 24 40 54 58 60 70 78
170:   6 9 21 26 30 41 53 54 69 86
171:   12 18 26 28 40 48 78 80 90 96
172:   1 9 13 21 31 39 45 49 55 63
173:   2 6 14 20 24 36 54 56 72 80
174:   2 3 10 14 19 23 42 47 54 58
175:   4 6 16 22 24 36 58 60 66 70
176:
177:   4 6 18 26 28 36 44 58 68 74
178:   1 6 21 22 25 34 42 45 54 61
179:   2 8 20 24 38 44 50 72 78 80
180:   1 3 9 49 51 55 71 79 87 91
181:   6 10 16 18 30 42 48 52 58 60
182:   3 6 14 38 51 71 74 78 83 90
183:   2 32 42 44 50 54 84 86 94 96
184:
185:   8 12 14 20 24 36 66 74 90 92
186:   2 6 10 21 22 37 38 53 58 66
187:   6 10 28 34 36 40 54 58 64 66
188:   5 9 11 27 35 39 45 47 59 69
189:   2 4 12 14 22 40 62 64 88 90
190:   10 15 30 39 43 46 63 78 82 103
191:   2 12 20 26 32 50 86 90 92 98
192:
193:   4 10 16 30 34 36 52 66 76 94
194:   2 5 9 17 30 45 54 57 65 77
195:   6 10 18 30 38 46 52 58 76 82
196:   1 7 13 33 37 43 45 55 57 81
197:   18 24 38 44 50 54 60 66 68 80
198:   22 34 50 51 55 62 74 75 99 107
199:   4 12 18 28 60 70 82 90 108 124
200:
201:   8 10 16 20 26 36 42 52 56 70
202:   6 18 21 25 34 45 46 54 58 61
203:   12 14 30 42 44 50 56 66 84 96
204:   3 17 19 33 37 45 67 87 93 95
205:   4 6 18 28 30 34 54 60 76 78
206:   3 6 11 18 27 35 38 50 63 66
207:   4 16 18 24 30 34 56 64 74 84
208:
209:   2 14 30 32 42 54 60 62 98 102
210:   1 2 17 22 42 46 50 53 73 78
211:   10 22 42 52 58 70 72 100 102 106
212:   5 11 15 23 33 39 41 65 69 71
213:   4 6 10 12 20 34 36 40 54 60
214:   3 7 10 18 27 30 43 58 78 94
215:   6 8 14 26 30 36 38 48 56 62
216:
217:   6 18 24 54 76 78 84 90 100 106
218:   5 26 29 42 45 66 77 81 86 89
219:   4 14 30 42 48 54 70 82 92 114
220:   3 13 21 25 39 45 67 85 87 97
221:   2 6 42 56 72 78 80 90 102 108
222:   10 14 19 23 31 34 43 55 66 70
223:   12 30 34 46 52 54 60 72 82 90
224:
225:   22 26 40 44 56 64 66 74 88 100
226:   1 13 22 25 30 33 37 58 81 85
227:   24 26 38 50 56 66 78 84 90 98
228:   9 17 21 25 31 41 55 65 71 79
229:   12 22 30 40 42 48 52 64 78 84
230:   2 3 6 11 26 27 38 39 42 51
231:   2 10 16 18 20 28 40 62 72 80
232:
233:   2 6 12 30 32 36 42 44 54 56
234:   5 25 42 49 50 54 57 70 74 85
235:   4 18 22 42 66 72 88 94 112 120
236:   3 5 15 17 21 27 33 41 47 51
237:   10 14 16 24 28 38 60 76 94 124
238:   7 10 15 27 34 39 46 54 70 75
239:   2 8 14 24 32 42 54 60 68 72
240:
241:   6 10 18 22 36 46 60 66 70 82
242:   6 9 14 18 29 41 45 65 66 69
243:   2 20 34 52 70 72 80 82 86 90
244:   3 7 19 25 33 37 55 63 67 75
245:   2 6 24 32 36 38 50 56 110 120
246:   11 15 23 26 38 46 50 51 75 82
247:   6 18 28 30 36 54 60 64 70 76
248:
249:   8 18 22 34 42 70 72 74 78 114
250:   9 22 42 49 73 78 90 93 105 106
251:   2 18 20 38 48 56 60 66 86 96
252:   3 9 19 35 43 59 61 65 69 101
253:   10 12 16 24 30 36 42 64 66 100
254:   2 14 23 30 39 47 62 74 75 78
255:   6 10 14 18 24 36 66 70 78 96
256:
257:   6 38 54 66 68 78 84 90 104 120
258:   5 6 14 26 37 42 54 61 77 81
259:   10 18 24 28 34 48 52 60 70 112
260:   5 9 11 29 39 57 63 65 71 75
261:   2 6 22 28 36 58 60 68 86 96
262:   3 10 15 31 54 55 66 70 90 99
263:   6 20 42 50 66 74 84 86 90 92
264:
265:   4 12 16 30 34 40 42 60 72 88
266:   6 17 18 26 33 42 45 62 65 78
267:   8 14 16 28 36 54 66 70 88 96
268:   1 7 15 25 27 39 55 57 61 67
269:   8 12 14 20 32 38 42 50 60 78
270:   2 6 23 34 55 58 63 114 122 123
271:   6 10 12 16 28 42 48 78 90 96
272:
273:   2 32 34 60 76 102 132 142 144 154
274:   9 10 18 22 30 33 37 54 57 70
275:   14 18 20 36 42 54 56 68 72 98
276:   3 5 11 35 41 53 63 67 71 73
277:   4 6 18 28 30 34 36 46 48 58
278:   2 6 26 27 42 50 54 71 86 111
279:   4 14 18 42 44 58 62 68 72 90
280:
281:   2 12 18 26 30 50 56 72 80 98
282:   6 9 18 21 29 30 53 61 85 121
283:   6 24 34 40 42 52 60 66 84 90
284:   3 9 15 27 29 35 45 53 57 65
285:   10 16 20 24 26 38 48 52 54 72
286:   3 7 10 27 31 55 67 70 90 102
287:   6 8 14 18 20 36 80 84 86 114
288:
289:   12 22 28 48 54 58 60 72 78 100
290:   5 6 21 26 54 62 66 69 78 113
291:   6 30 36 50 62 66 78 88 100 116
292:   1 3 13 21 55 63 69 73 85 91
293:   2 6 12 20 32 44 54 60 74 90
294:   3 22 23 30 58 62 75 82 87 98
295:   16 22 40 42 84 100 106 120 148 156
296:
297:   6 8 14 24 34 50 56 64 66 76
298:   6 9 25 30 34 37 42 45 46 57
299:   2 8 24 30 68 72 92 98 122 128
300:   19 33 35 41 65 75 93 97 111 123
301:   10 12 16 28 36 40 60 66 72 76
302:   3 11 14 18 23 26 39 50 74 75
303:   2 4 12 14 26 30 32 36 54 60
304:
305:   6 8 14 20 24 30 60 62 72 84
306:   2 5 22 30 33 41 57 58 62 65
307:   4 18 24 28 40 48 58 70 76 88
308:   15 21 27 29 35 65 105 117 119 125
309:   2 4 8 12 14 18 24 38 42 50
310:   6 15 43 54 58 63 67 70 75 78
311:   6 12 20 26 36 42 48 50 56 60
312:
313:   6 16 30 42 54 70 76 82 84 94
314:   5 14 18 30 38 62 65 77 89 98
315:   8 24 28 40 52 54 64 86 98 110
316:   1 7 21 25 33 45 57 85 93 105
317:   26 30 48 68 74 104 110 128 140 158
318:   11 19 26 31 35 46 47 62 95 110
319:   4 18 22 28 34 42 48 60 90 112
320:
321:   12 18 32 52 56 66 96 122 146 156
322:   6 10 21 30 34 46 54 70 78 81
323:   2 12 24 32 42 54 56 60 66 80
324:   5 7 15 29 39 43 89 95 99 119
325:   4 6 18 22 40 48 52 54 60 70
326:   2 18 23 27 30 35 42 50 66 83
327:   8 16 28 44 56 64 86 96 138 146
328:
329:   2 8 18 20 30 32 38 50 72 80
330:   2 14 26 30 33 37 45 58 82 85
331:   6 16 22 30 40 42 46 48 60 72
332:   3 29 33 35 41 53 81 95 99 101
333:   24 32 44 46 50 52 64 80 92 100
334:   7 15 22 42 55 58 78 79 87 94
335:   12 14 20 44 60 62 72 80 98 102
336:
337:   10 16 18 24 28 30 54 64 84 96
338:   2 6 29 30 41 42 50 54 74 110
339:   8 20 22 34 48 60 62 68 74 84
340:   3 13 15 27 43 51 55 73 79 91
341:   8 12 26 36 38 48 62 68 80 110
342:   6 14 39 51 74 83 90 91 95 103
343:   4 22 24 40 42 52 54 66 72 84
344:
345:   4 14 16 18 22 26 28 62 72 86
346:   1 10 18 42 61 81 85 97 106 117
347:   6 8 18 24 38 44 48 50 56 74
348:   1 5 7 21 27 29 31 45 49 51
349:   10 24 34 52 82 88 108 112 118 138
350:   2 3 11 18 30 35 51 62 71 75
351:   10 26 28 36 38 66 68 80 112 130
352:
353:   14 42 90 96 102 104 116 122 134 144
354:   2 9 13 14 18 22 29 34 37 42
355:   6 12 24 28 30 34 36 48 52 64
356:   3 11 17 21 27 53 75 81 123 125
357:   10 26 30 38 48 50 56 66 78 84
358:   10 19 22 39 54 66 79 87 91 114
359:   2 30 32 44 54 62 68 72 92 104
360:
361:   30 46 52 58 60 66 76 88 90 112
362:   5 9 21 26 29 30 38 41 65 66
363:   4 12 30 32 54 74 94 96 124 136
364:   3 7 19 37 39 45 49 55 57 73
365:   24 26 32 42 44 50 56 66 68 74
366:   22 27 42 43 47 78 82 90 107 111
367:   6 10 18 34 46 54 66 76 78 84
368:
369:   10 30 34 48 50 54 90 94 100 104
370:   6 10 18 33 37 45 46 73 82 90
371:   2 8 30 62 68 72 86 96 116 126
372:   1 3 5 11 19 29 33 49 51 53
373:   4 6 42 46 54 60 64 70 76 84
374:   3 14 18 27 47 50 59 62 63 75
375:   2 8 24 28 52 58 60 62 64 70
376:
377:   14 20 24 26 30 48 54 60 80 86
378:   1 2 6 45 46 94 102 141 150 185
379:   12 18 28 40 42 52 60 82 88 108
380:   5 15 23 39 41 57 81 105 111 155
381:   8 20 26 40 48 50 52 60 62 66
382:   6 10 43 46 51 55 58 90 91 106
383:   12 30 36 42 62 84 86 90 110 122
384:
385:   6 10 12 24 30 40 48 66 70 84
386:   2 5 17 18 26 33 38 50 57 77
387:   4 28 34 36 54 56 58 70 88 106
388:   1 15 27 49 55 61 67 75 87 109
389:   24 38 42 44 80 102 108 120 122 132
390:   3 15 19 23 26 38 42 50 51 58
391:   6 10 16 18 28 30 40 58 76 82
392:
393:   2 10 22 24 32 64 66 94 100 102
394:   9 22 25 30 33 34 54 58 70 82
395:   6 14 20 26 32 36 50 68 74 80
396:   11 17 25 31 37 57 73 81 91 107
397:   6 16 28 34 36 40 58 64 66 70
398:   2 6 14 30 35 54 62 74 75 95
399:   12 34 42 52 64 72 82 90 92 98
400:
401:   8 12 18 26 36 42 48 50 60 86
402:   5 10 13 18 21 26 46 78 81 85
403:   16 22 42 46 60 64 70 72 106 112
404:   3 9 17 23 27 29 45 57 63 65
405:   4 16 38 42 48 54 76 82 112 122
406:   6 7 15 22 42 51 58 63 90 91
407:   8 24 30 36 38 44 60 66 74 80
408:
409:   4 10 12 22 24 34 40 52 64 70
410:   2 9 14 17 30 38 57 66 74 81
411:   2 6 10 12 16 20 26 36 50 66
412:   3 9 19 25 33 39 45 51 69 91
413:   2 12 14 30 32 36 60 66 84 92
414:   2 15 42 74 75 103 110 123 127 142
415:   28 30 42 58 64 72 78 96 106 120
416:
417:   4 6 14 18 28 30 36 74 86 98
418:   1 21 30 49 57 69 85 94 105 117
419:   2 14 38 42 48 68 72 80 104 110
420:   1 11 21 23 25 39 59 73 77 95
421:   10 16 28 42 52 58 60 72 78 88
422:   11 26 35 50 51 78 83 86 98 114
423:   4 6 10 12 14 20 32 56 64 66
424:
425:   6 12 42 44 56 66 78 86 96 98
426:   2 5 6 10 17 18 30 38 41 46
427:   16 18 34 36 54 58 60 64 66 84
428:   5 9 15 29 39 47 59 71 77 117
429:   2 8 32 54 64 68 84 104 114 124
430:   3 7 15 18 19 31 34 63 99 118
431:   2 8 18 56 62 66 72 78 90 98
432:
433:   4 12 34 40 46 60 66 72 76 82
434:   9 38 42 45 50 53 65 74 98 102
435:   4 26 32 36 44 50 52 66 72 74
436:   13 21 33 43 55 61 81 85 97 103
437:   18 20 36 38 54 56 66 68 80 84
438:   2 7 15 27 35 46 66 70 79 95
439:   10 30 42 58 64 82 84 90 112 114
440:
441:   2 6 8 20 38 46 50 56 58 68
442:   1 21 45 54 66 70 81 85 105 106
443:   2 6 14 20 26 30 32 56 74 104
444:   5 7 17 33 35 39 49 69 75 87
445:   6 10 16 18 22 34 60 70 100 118
446:   6 15 23 26 27 30 47 62 63 66
447:   6 24 30 40 56 60 84 90 94 100
448:
449:   8 14 32 42 54 78 84 110 120 122
450:   13 22 33 37 50 62 65 74 77 82
451:   6 12 22 40 46 48 60 90 106 112
452:   11 15 29 45 51 53 59 63 69 83
453:   2 6 14 22 26 52 62 76 80 90
454:   19 39 42 54 55 63 87 94 102 123
455:   26 32 36 50 54 62 68 102 110 114
456:
457:   30 36 46 48 70 90 118 138 144 154
458:   6 21 26 42 45 50 54 57 74 77
459:   8 10 18 20 22 34 38 52 74 84
460:   1 3 13 19 21 27 37 69 73 75
461:   6 20 26 30 32 38 48 66 90 96
462:   10 14 31 43 51 59 70 75 78 86
463:   12 24 40 42 52 64 66 70 82 96
464:
465:   4 46 50 56 60 96 102 112 122 134
466:   1 6 18 21 22 66 70 73 81 90
467:   6 20 26 30 38 44 54 56 80 84
468:   21 25 27 35 37 51 61 67 77 79
469:   4 10 18 24 30 42 70 72 78 82
470:   2 11 47 63 74 75 95 98 107 126
471:   8 20 68 76 78 86 90 118 128 142
472:
473:   2 20 24 32 42 56 66 72 84 90
474:   5 14 30 38 62 73 78 97 114 118
475:   4 6 12 40 84 88 90 94 112 114
476:   5 17 23 27 35 53 63 65 77 81
477:   46 56 64 70 86 94 98 100 120 124
478:   7 27 30 34 51 67 70 75 91 102
479:   8 12 18 24 32 48 54 68 74 78
480:
481:   6 28 30 36 52 82 90 108 126 132
482:   5 9 18 30 33 41 54 81 86 89
483:   2 10 14 20 24 36 42 52 76 154
484:   3 7 9 33 37 79 85 93 99 103
485:   18 26 30 44 60 62 78 90 92 114
486:   10 26 35 43 66 67 75 87 118 131
487:   4 10 16 24 60 66 76 78 94 118
488:
489:   12 18 32 62 84 104 108 110 124 142
490:   1 18 25 66 69 85 90 94 109 117
491:   2 8 18 30 50 72 78 86 96 98
492:   13 19 23 25 41 43 49 55 61 65
493:   4 10 22 24 34 36 42 46 82 84
494:   3 14 15 18 27 30 35 38 42 59
495:   2 10 20 22 30 40 58 70 86 118
496:
497:   20 26 48 50 54 68 74 78 80 96
498:   9 17 21 37 57 65 86 114 122 134
499:   4 22 40 42 54 78 88 112 130 138
500:   11 21 39 45 53 59 69 75 77 89
501:   10 16 30 32 48 52 58 72 88 92
502:   10 19 30 43 51 54 55 63 70 78
503:   6 12 14 20 24 30 32 44 60 66
504:
505:   10 16 36 40 42 52 54 64 66 82
506:   5 6 18 21 33 50 57 86 93 102
507:   4 18 20 26 34 84 88 90 94 124
508:   1 7 15 31 37 39 45 55 69 81
509:   2 8 14 20 30 42 44 54 68 78
510:   3 7 18 35 39 55 67 87 102 138
511:   6 12 18 30 36 52 60 72 82 96
512:
513:   4 6 16 26 30 32 34 40 56 60
514:   33 34 42 45 78 90 117 130 145 150
515:   2 14 20 32 36 38 84 92 108 114
516:   3 7 13 21 27 41 43 77 83 91
517:   4 10 16 24 30 34 40 54 66 70
518:   14 26 30 35 62 71 74 75 86 95
519:   2 12 18 24 28 54 78 80 84 88
520:
521:   32 36 62 78 80 92 98 108 126 138
522:   1 14 18 29 30 34 49 65 74 81
523:   10 12 16 24 34 40 52 66 72 76
524:   5 27 33 35 45 53 63 65 75 87
525:   8 20 24 34 50 56 66 76 82 102
526:   3 10 42 43 46 58 70 75 82 87
527:   6 8 36 44 68 84 90 96 98 120
528:
529:   24 28 34 52 60 64 78 94 100 102
530:   2 6 17 21 30 50 57 66 69 78
531:   2 6 12 26 28 32 42 68 82 86
532:   3 9 13 21 31 39 43 69 75 81
533:   12 26 30 60 72 74 92 96 102 110
534:   7 14 18 27 35 54 102 107 110 135
535:   4 10 12 18 24 34 66 94 96 106
536:
537:   8 24 26 36 44 58 64 76 78 80
538:   6 10 21 25 30 46 66 69 81 102
539:   12 14 20 42 48 50 60 68 74 102
540:   1 3 17 29 57 61 101 103 105 133
541:   18 22 28 30 36 48 58 70 72 76
542:   3 6 14 39 54 63 83 90 98 110
543:   2 10 14 16 20 24 32 44 46 66
544:
545:   2 6 18 48 62 68 72 96 98 110
546:   1 17 30 38 66 77 78 105 150 177
547:   10 16 30 40 46 58 78 84 94 108
548:   5 9 11 15 27 35 41 57 69 77
549:   14 18 28 32 40 52 60 70 74 90
550:   7 10 18 27 34 51 63 70 78 79
551:   6 8 26 38 42 48 50 78 86 108
552:
553:   4 6 12 16 42 46 54 60 64 96
554:   2 9 14 17 18 29 42 50 53 54
555:   4 8 22 30 48 56 58 60 92 96
556:   1 3 13 21 25 27 43 67 103 111
557:   6 8 44 48 50 56 86 90 114 116
558:   2 7 22 31 34 47 50 71 82 94
559:   4 10 12 24 48 54 58 88 90 100
560:
561:   2 12 18 38 42 50 52 86 88 92
562:   1 6 9 13 25 49 61 70 81 90
563:   14 20 24 26 36 50 54 66 84 90
564:   3 9 15 63 87 93 97 105 125 133
565:   10 12 34 36 58 64 112 120 124 142
566:   3 26 30 42 51 66 75 86 98 111
567:   4 30 50 58 68 74 80 94 100 106
568:
569:   12 18 42 44 54 60 62 68 78 84
570:   5 10 13 26 38 41 53 54 57 70
571:   10 16 46 48 58 60 70 72 76 102
572:   5 35 45 51 59 63 65 75 89 93
573:   4 34 40 56 62 70 72 74 80 86
574:   3 7 10 18 42 43 67 75 78 87
575:   2 38 42 50 60 66 78 114 162 168
576:
577:   4 6 36 40 48 54 64 66 76 78
578:   6 14 29 30 50 62 65 66 69 77
579:   10 12 22 38 48 52 54 62 70 100
580:   3 13 27 31 33 39 63 79 105 111
581:   8 18 20 26 30 32 38 56 68 92
582:   3 15 18 31 39 50 58 75 79 86
583:   4 6 12 30 40 60 64 82 84 102
584:
585:   2 6 10 28 34 48 50 58 78 86
586:   1 6 10 22 30 37 45 57 61 66
587:   14 18 26 38 54 60 98 108 114 146
588:   11 15 29 31 41 49 51 55 67 111
589:   4 12 22 28 40 70 72 78 82 100
590:   11 42 50 74 78 86 90 99 107 110
591:   6 18 20 32 68 78 96 110 118 122
592:
593:   2 6 30 42 62 66 72 80 96 104
594:   17 25 33 38 54 93 102 117 138 142
595:   6 24 30 40 52 58 70 78 88 90
596:   3 15 17 21 23 45 63 75 77 87
597:   4 6 20 30 36 48 50 68 74 86
598:   15 34 46 82 87 91 106 115 159 174
599:   8 14 20 30 44 48 62 78 92 102
600:
601:   6 10 12 28 42 46 52 60 66 70
602:   5 6 14 18 30 33 38 41 45 53
603:   12 14 40 52 54 64 102 114 126 134
604:   7 9 13 25 37 39 57 63 79 85
605:   6 18 26 42 62 68 84 92 126 132
606:   2 6 7 15 18 27 30 31 35 38
607:   6 30 34 40 48 54 66 70 76 84
608:
609:   4 14 28 32 42 54 88 100 104 112
610:   10 30 42 54 73 78 81 82 93 106
611:   2 8 12 26 32 36 56 78 96 98
612:   1 11 15 29 31 39 49 59 63 85
613:   10 22 24 42 60 64 66 76 90 120
614:   2 14 35 38 47 62 75 87 107 114
615:   2 6 18 20 26 38 44 54 58 60
616:
617:   8 38 50 60 68 74 84 96 126 128
618:   1 2 6 9 21 25 26 29 34 46
619:   4 22 28 42 52 54 70 90 108 118
620:   3 27 29 35 39 45 71 81 83 95
621:   6 8 10 28 40 50 82 86 96 106
622:   3 6 10 18 30 34 51 54 55 70
623:   12 30 32 50 74 96 104 114 116 120
624:
625:   36 42 46 54 58 60 78 100 112 118
626:   21 38 41 42 53 81 102 105 117 126
627:   20 34 38 46 48 64 74 78 90 100
628:   7 9 15 19 31 49 51 57 79 85
629:   2 12 14 32 54 72 80 84 90 98
630:   14 26 27 43 55 86 90 91 94 107
631:   10 12 22 28 36 46 58 60 66 70
632:
633:   34 40 52 54 76 84 102 132 144 146
634:   13 34 37 70 85 93 105 114 130 150
635:   8 12 30 36 44 50 62 66 78 96
636:   13 23 31 55 65 75 93 101 123 133
637:   4 6 16 24 28 46 48 58 66 76
638:   2 11 14 30 59 86 110 114 131 135
639:   2 4 12 18 20 40 42 62 64 74
640:
641:   2 6 20 30 38 50 56 60 66 72
642:   6 9 26 33 61 73 78 86 89 105
643:   12 16 34 76 82 84 94 96 100 102
644:   3 5 15 17 23 27 35 39 57 59
645:   2 16 32 40 42 46 64 66 78 84
646:   6 27 30 43 46 55 63 67 82 91
647:   14 20 26 36 54 60 66 68 90 104
648:
649:   10 12 30 34 42 52 58 84 90 94
650:   2 9 26 30 45 66 77 86 101 102
651:   2 6 18 28 56 66 68 80 86 98
652:   1 9 15 21 25 33 63 81 91 93
653:   2 6 26 32 36 42 60 62 72 90
654:   14 22 43 95 110 115 127 143 150 158
655:   4 6 10 22 34 36 52 58 72 88
656:
657:   10 14 16 18 38 44 74 86 96 104
658:   1 9 10 25 54 57 69 70 81 85
659:   2 8 14 18 24 32 60 74 80 102
660:   1 7 13 15 29 41 49 53 67 77
661:   6 12 22 42 48 66 70 88 106 108
662:   3 11 15 23 30 39 74 78 90 98
663:   14 26 30 34 36 42 44 64 90 94
664:
665:   14 18 54 60 62 72 74 78 80 86
666:   22 25 26 46 50 57 58 61 73 77
667:   6 18 30 34 40 64 70 78 96 100
668:   11 21 29 39 47 69 75 77 89 105
669:   4 10 18 20 30 38 42 44 102 108
670:   6 7 10 22 30 31 51 66 82 94
671:   6 12 20 42 62 72 80 102 128 140
672:
673:   4 36 40 54 70 84 96 106 112 120
674:   5 9 14 42 69 74 77 90 93 102
675:   22 84 104 108 130 132 138 148 176 180
676:   1 3 15 21 25 27 37 55 63 67
677:   8 14 24 36 44 48 50 54 66 78
678:   10 11 30 31 34 42 107 131 147 150
679:   10 22 28 34 58 64 72 78 84 88
680:
681:   22 28 30 40 42 46 58 68 72 82
682:   6 13 18 34 61 66 69 70 73 78
683:   2 6 42 72 74 84 90 114 116 140
684:   3 7 37 45 79 83 105 107 127 129
685:   4 6 12 28 30 42 46 70 82 90
686:   2 11 26 27 42 50 62 95 111 131
687:   10 14 16 26 28 30 36 38 40 50
688:
689:   12 20 38 48 60 62 68 90 92 98
690:   2 9 13 14 53 65 66 74 101 109
691:   10 12 16 30 36 42 52 70 76 78
692:   5 9 21 53 59 63 81 105 119 125
693:   6 24 34 50 52 62 74 82 102 104
694:   3 19 22 39 58 67 75 78 82 103
695:   18 20 74 86 96 98 114 116 138 140
696:
697:   4 10 18 24 46 48 58 76 78 84
698:   5 17 26 41 54 69 86 105 110 117
699:   4 10 32 34 58 60 68 72 80 94
700:   1 9 15 31 55 57 63 81 87 93
701:   18 30 32 36 42 50 60 78 80 98
702:   14 18 19 34 71 74 86 118 139 154
703:   6 42 54 60 66 70 84 94 96 102
704:
705:   6 14 22 40 64 80 84 100 106 110
706:   21 45 58 61 73 90 97 105 121 130
707:   6 8 30 36 48 66 78 126 176 180
708:   1 7 9 11 17 21 29 35 51 61
709:   4 18 28 34 48 54 64 84 100 118
710:   3 6 14 15 18 26 35 39 62 66
711:   8 20 48 52 72 76 106 112 122 128
712:
713:   2 30 32 42 56 62 66 80 90 96
714:   5 13 25 33 42 54 57 62 74 82
715:   4 22 52 54 60 70 94 102 124 130
716:   5 11 27 33 57 105 113 117 123 125
717:   18 20 24 34 46 50 56 68 76 78
718:   15 22 27 31 34 46 66 70 87 90
719:   2 12 14 24 48 50 62 72 84 114
720:
721:   6 10 18 52 60 72 78 82 90 100
722:   26 29 30 33 38 45 66 101 129 134
723:   2 12 20 22 40 42 50 54 64 72
724:   13 15 19 33 55 57 63 69 87 97
725:   2 8 14 30 32 50 72 84 86 102
726:   2 6 15 27 47 62 70 78 103 110
727:   4 6 16 24 28 48 70 88 100 108
728:
729:   24 30 44 50 58 72 80 100 110 112
730:   13 21 22 25 33 34 37 42 46 49
731:   8 18 20 38 42 48 50 66 80 96
732:   11 21 39 41 45 59 65 71 73 83
733:   10 22 30 34 82 94 106 114 120 132
734:   3 23 27 38 39 42 47 75 83 98
735:   8 12 40 42 44 64 78 98 104 132
736:
737:   6 8 18 20 26 54 60 74 78 84
738:   5 17 25 45 50 62 69 77 85 102
739:   4 24 28 30 34 42 58 64 88 94
740:   3 5 9 23 41 45 47 57 59 69
741:   2 6 10 18 20 28 40 42 62 66
742:   15 31 34 43 58 63 66 91 99 114
743:   2 26 30 44 54 56 74 80 96 102
744:
745:   10 12 18 24 36 54 60 64 66 78
746:   2 21 30 38 42 65 78 81 86 90
747:   6 14 24 26 38 40 64 76 90 96
748:   7 9 25 31 39 49 55 69 75 81
749:   2 14 24 38 44 62 90 92 128 132
750:   14 26 30 31 35 39 50 94 107 123
751:   6 12 30 42 60 70 76 78 82 88
752:
753:   16 20 22 32 34 42 56 60 62 64
754:   10 13 30 45 49 57 69 85 93 94
755:   2 18 20 30 48 56 62 66 68 72
756:   1 3 23 47 51 75 95 127 133 135
757:   16 18 24 36 54 64 84 88 96 120
758:   6 14 26 30 54 62 71 74 102 114
759:   4 8 10 14 38 48 50 62 68 94
760:
761:   2 6 8 12 36 42 48 66 68 78
762:   10 13 25 26 30 33 46 49 53 54
763:   22 24 34 46 54 66 70 130 136 142
764:   3 5 23 29 45 53 59 75 105 107
765:   2 6 8 12 22 26 32 58 62 68
766:   6 15 18 31 42 43 55 63 87 106
767:   6 14 18 30 38 44 50 56 60 86
768:
769:   10 24 30 42 48 52 60 70 82 94
770:   5 6 33 42 45 50 65 66 86 102
771:   2 18 22 26 28 40 52 56 60 96
772:   1 9 13 19 25 39 51 55 61 69
773:   6 12 20 24 42 50 60 74 96 116
774:   2 14 18 27 35 55 59 70 78 90
775:   6 16 28 30 36 54 70 76 84 108
776:
777:   16 20 54 66 68 78 84 94 98 104
778:   21 22 54 61 66 94 102 106 129 130
779:   2 12 20 30 42 62 68 78 84 90
780:   13 19 21 25 29 53 59 61 73 95
781:   16 22 30 42 48 76 88 100 106 108
782:   3 14 15 38 51 66 99 119 126 134
783:   2 12 20 32 40 42 54 66 72 74
784:
785:   2 12 32 42 50 54 56 68 80 86
786:   1 5 33 50 58 61 62 81 82 98
787:   6 28 34 40 54 60 84 88 96 106
788:   11 15 17 27 29 35 41 45 51 57
789:   14 38 50 64 68 72 78 94 98 118
790:   3 7 10 18 34 42 46 55 58 82
791:   2 8 36 38 42 62 90 96 102 108
792:
793:   6 16 36 40 46 60 64 70 72 82
794:   14 17 18 29 33 42 45 53 57 69
795:   10 14 38 42 44 46 52 60 72 78
796:   1 3 7 15 27 31 37 51 55 73
797:   6 14 18 30 44 56 74 80 84 86
798:   6 26 46 50 51 71 87 90 94 106
799:   22 30 52 64 70 72 78 82 88 100
800:
801:   12 18 22 32 36 46 48 68 80 90
802:   6 9 13 18 21 25 30 69 85 93
803:   2 14 24 26 30 36 62 66 84 92
804:   5 9 13 23 39 49 55 73 83 103
805:   6 12 30 42 58 64 88 106 114 132
806:   11 23 30 35 66 78 87 98 107 110
807:   14 20 44 50 54 58 68 76 98 100
808:
809:   2 8 18 24 32 44 48 60 62 78
810:   2 21 38 41 61 70 89 90 97 110
811:   10 12 28 40 46 60 66 72 76 100
812:   3 11 21 29 45 51 53 71 75 95
813:   4 14 26 32 60 70 72 106 110 130
814:   15 18 19 22 30 63 67 75 78 103
815:   8 14 20 26 38 42 50 56 66 90
816:
817:   6 10 24 28 34 48 54 58 64 66
818:   2 5 6 17 26 65 69 77 101 102
819:   20 34 44 48 52 70 74 88 100 118
820:   1 7 15 19 33 37 45 61 67 79
821:   8 18 20 26 30 42 48 50 60 68
822:   3 6 10 18 35 39 46 54 71 75
823:   10 24 30 34 36 52 64 66 76 90
824:
825:   6 12 18 24 34 42 46 70 76 86
826:   1 6 18 30 33 42 46 61 66 82
827:   14 18 26 44 50 66 68 80 96 98
828:   1 21 37 55 71 89 97 99 111 119
829:   10 12 18 40 42 60 70 78 82 88
830:   14 15 39 62 63 83 87 99 107 114
831:   2 6 10 36 68 70 72 96 98 100
832:
833:   2 20 24 36 44 50 54 66 74 102
834:   2 9 14 18 37 49 74 82 93 117
835:   6 18 60 64 84 126 132 142 148 154
836:   15 47 71 75 77 83 87 101 117 123
837:   6 14 24 30 48 66 78 86 104 108
838:   7 19 34 55 70 75 87 91 99 127
839:   12 30 32 38 54 60 80 90 98 104
840:
841:   12 16 18 28 40 42 58 60 78 82
842:   5 14 21 26 29 30 50 69 78 90
843:   6 10 24 34 40 42 54 60 62 70
844:   13 25 39 43 49 57 63 69 73 85
845:   8 12 14 20 44 54 62 84 86 98
846:   2 3 6 7 10 42 58 62 63 70
847:   30 60 66 76 90 100 106 120 150 154
848:
849:   8 14 20 22 30 40 50 62 72 84
850:   6 21 22 33 49 78 94 126 130 153
851:   6 18 20 36 48 56 60 66 98 108
852:   1 3 5 9 15 19 23 29 55 61
853:   4 6 16 46 52 66 72 90 136 144
854:   18 27 30 42 59 74 95 110 119 155
855:   8 16 18 24 36 38 42 50 56 82
856:
857:   8 18 26 36 54 60 74 98 108 120
858:   1 34 42 57 62 66 74 102 109 114
859:   22 30 34 40 48 58 78 82 94 114
860:   9 17 59 63 65 69 77 87 89 95
861:   28 38 50 52 66 68 86 116 118 138
862:   31 39 51 54 66 79 106 114 115 130
863:   6 12 32 36 50 62 72 74 84 86
864:
865:   4 16 30 34 46 84 100 106 120 126
866:   2 6 17 30 33 38 41 42 45 57
867:   4 16 18 24 26 44 54 60 66 90
868:   19 21 25 37 49 51 55 75 91 105
869:   12 18 32 38 44 50 68 78 84 120
870:   2 18 22 26 39 51 70 74 83 95
871:   6 18 22 36 40 42 48 52 66 78
872:
873:   2 10 12 22 26 50 54 56 86 90
874:   9 10 18 33 34 42 73 93 105 109
875:   12 14 24 26 30 44 54 62 66 80
876:   1 23 33 35 61 65 67 73 77 81
877:   16 18 34 36 40 46 58 76 100 126
878:   15 42 59 62 75 87 99 110 111 126
879:   2 4 18 20 50 80 90 108 114 142
880:
881:   18 26 30 38 42 60 62 66 80 86
882:   1 10 25 29 34 53 65 74 101 106
883:   4 10 12 22 24 42 60 72 94 100
884:   27 33 35 53 75 99 105 125 159 165
885:   28 52 60 66 76 78 102 106 108 124
886:   3 7 10 15 55 63 66 78 91 102
887:   6 26 48 50 66 68 84 86 98 110
888:
889:   4 22 52 58 64 102 108 114 124 130
890:   5 9 17 30 50 66 77 81 86 98
891:   2 8 22 26 32 36 58 62 68 78
892:   3 13 15 31 33 61 63 81 85 91
893:   2 24 42 44 50 74 84 122 132 146
894:   3 15 30 42 47 50 55 70 82 83
895:   4 10 16 24 34 40 42 48 84 94
896:
897:   8 10 58 70 94 106 120 124 126 134
898:   21 42 61 70 81 82 97 105 106 109
899:   8 12 20 24 78 90 104 120 132 144
900:   11 25 31 37 41 53 59 63 81 91
901:   6 10 28 30 52 58 66 76 82 106
902:   3 6 11 23 30 63 74 75 86 90
903:   4 12 22 24 30 34 44 60 62 70
904:
905:   6 12 14 26 32 42 44 54 102 104
906:   1 13 26 38 45 66 70 77 81 98
907:   6 30 34 36 60 64 66 88 94 114
908:   21 27 47 51 65 69 107 125 129 155
909:   4 10 12 18 20 24 28 30 38 48
910:   18 27 31 34 51 55 63 78 90 91
911:   2 26 32 36 66 68 78 86 92 108
912:
913:   6 12 36 46 66 76 90 96 106 124
914:   18 45 69 77 78 90 102 105 122 134
915:   10 24 36 52 54 62 72 92 112 138
916:   3 13 21 25 27 37 45 63 81 87
917:   6 20 48 60 78 80 84 98 104 116
918:   10 11 19 26 42 51 59 66 67 71
919:   4 22 28 34 40 54 72 102 112 120
920:
921:   6 16 30 32 50 56 58 76 80 88
922:   10 13 33 45 49 54 73 78 90 141
923:   2 14 20 24 30 32 42 54 60 66
924:   5 7 35 39 43 55 73 79 85 105
925:   4 18 36 42 60 72 88 96 102 108
926:   6 26 35 50 62 78 90 98 107 123
927:   4 6 8 14 26 38 46 48 50 56
928:
929:   8 12 14 42 50 72 92 108 110 114
930:   2 25 30 61 70 82 93 105 118 138
931:   10 12 16 18 42 52 70 72 82 108
932:   3 9 11 33 35 45 51 71 93 99
933:   2 4 12 16 36 40 56 62 82 86
934:   3 10 15 19 22 27 42 43 70 75
935:   2 8 20 24 30 32 44 50 56 74
936:
937:   6 10 28 30 34 46 54 58 66 88
938:   2 5 9 21 41 42 50 77 81 86
939:   2 10 14 18 40 42 68 78 84 92
940:   1 37 49 63 67 75 85 103 109 141
941:   6 8 32 38 50 56 90 92 98 110
942:   10 34 38 39 43 59 71 79 95 134
943:   6 10 12 34 42 52 54 64 90 94
944:
945:   8 18 38 48 60 72 74 76 108 134
946:   1 10 21 33 42 45 46 58 70 82
947:   6 8 14 18 26 30 44 50 60 74
948:   7 15 19 31 39 57 59 77 109 111
949:   4 10 22 24 28 60 64 70 72 90
950:   2 3 6 42 47 62 66 78 86 87
951:   16 70 72 82 88 96 100 130 142 166
952:
953:   2 12 30 32 110 114 126 134 156 162
954:   49 50 62 65 69 77 82 98 118 130
955:   10 18 22 24 36 40 42 48 66 70
956:   15 17 35 51 57 65 77 83 95 101
957:   6 16 20 30 40 54 56 76 90 94
958:   6 27 34 39 42 51 55 67 70 79
959:   8 20 24 30 32 44 50 54 68 84
960:
961:   16 18 22 46 70 72 76 78 82 90
962:   14 18 26 41 45 54 66 78 113 138
963:   4 6 22 32 52 66 70 72 74 76
964:   9 15 27 43 49 57 63 73 79 87
965:   2 6 20 32 38 42 44 60 66 74
966:   7 10 18 26 38 86 95 102 110 115
967:   16 24 28 46 58 66 106 120 126 130
968:
969:   4 14 18 20 22 42 64 74 78 80
970:   9 13 22 30 45 46 57 69 81 114
971:   6 20 26 30 38 56 68 80 108 122
972:   5 13 33 59 73 75 83 93 105 115
973:   6 12 16 22 34 40 42 54 64 70
974:   2 30 38 39 47 59 63 74 102 134
975:   2 6 20 30 56 64 72 76 84 90
976:
977:   8 14 20 30 44 56 66 78 90 98
978:   6 9 42 54 62 101 110 125 126 145
979:   4 10 18 24 34 40 48 52 58 60
980:   9 33 45 47 93 99 117 125 141 147
981:   32 46 100 112 116 120 136 142 150 152
982:   15 39 43 55 58 75 78 91 114 118
983:   14 20 24 56 66 90 92 102 104 110
984:
985:   10 12 16 28 36 58 66 72 76 90
986:   2 5 17 18 21 41 42 45 53 65
987:   6 10 24 36 54 60 74 76 94 116
988:   7 9 15 19 21 49 75 91 99 109
989:   2 30 32 42 44 50 54 60 72 92
990:   10 11 15 35 43 59 83 87 90 98
991:   18 22 28 36 46 48 66 70 72 130
992:
993:   2 14 26 54 56 66 74 90 102 140
994:   10 13 25 34 37 57 58 82 109 130
995:   14 18 30 44 56 78 80 86 92 98
996:   43 57 61 67 71 81 95 111 117 137
997:   4 24 28 46 48 64 76 94 96 106
998:   2 11 27 39 86 90 95 102 107 134
999:   8 34 38 42 52 58 68 82 92 100
1000:
1001:   6 8 20 36 48 50 72 78 96 102
1002:   5 26 29 46 50 74 81 105 106 110
1003:   4 22 30 36 54 90 106 112 114 160
1004:   5 15 27 35 39 45 47 99 113 123
1005:   4 24 34 44 62 84 92 100 108 114
1006:   3 6 7 10 15 22 30 51 55 82
1007:   18 24 26 30 48 56 66 68 84 90
1008:
1009:   10 12 30 40 42 64 72 88 94 120
1010:   5 18 21 26 33 41 54 65 69 78
1011:   6 8 10 28 46 60 82 88 98 118
1012:   3 9 25 43 51 55 69 73 81 93
1013:   2 6 12 20 26 30 36 50 72 80
1014:   2 10 42 47 62 74 79 83 95 114
1015:   6 10 36 46 60 82 96 100 136 138
1016:
1017:   16 20 28 70 98 100 110 140 146 148
1018:   1 10 21 22 34 46 54 57 61 66
1019:   2 32 38 50 60 62 72 74 84 90
1020:   9 51 69 77 87 91 99 107 141 143
1021:   10 12 18 30 40 48 52 58 60 70
1022:   3 6 15 18 26 30 66 74 83 123
1023:   4 12 42 44 46 50 52 54 60 84
1024:
1025:   6 12 36 42 54 90 116 120 132 140
1026:   2 13 17 30 37 70 86 98 126 158
1027:   6 10 16 34 36 40 58 64 66 78
1028:   17 21 39 45 65 75 81 89 105 117
1029:   8 24 28 30 38 48 62 70 74 102
1030:   7 10 18 19 42 46 54 63 70 78
1031:   2 12 30 32 36 50 56 60 86 90
1032:
