#
# Binary primitive polynomials of degree 607 in counting order.
# Table is complete for second-highest term <=15.
# Additionally the first few entries for 16 are listed.
#.
# Generated by Joerg Arndt, 2006-September-04
#

607,9,7,6,3,1,0
607,10,9,6,5,4,3,1,0
607,12,9,7,0
607,12,9,7,6,5,4,1,0
607,12,9,8,7,4,2,1,0
607,12,10,9,8,7,6,4,0
607,12,10,9,8,7,6,5,4,1,0
607,12,11,6,5,4,3,1,0
607,12,11,7,3,2,0
607,12,11,9,8,7,6,5,3,2,0
607,12,11,10,9,8,7,1,0
607,13,9,7,4,3,0
607,13,10,9,8,6,5,4,0
607,13,11,8,7,5,2,1,0
607,13,11,9,5,3,0
607,13,11,9,6,3,0
607,13,11,9,7,6,3,1,0
607,13,11,10,4,2,0
607,13,11,10,6,2,0
607,13,12,11,7,6,5,3,0
607,13,12,11,10,9,8,6,5,1,0
607,14,8,7,3,1,0
607,14,10,6,4,1,0
607,14,10,9,7,5,4,3,0
607,14,11,8,7,5,4,1,0
607,14,11,10,7,6,5,4,0
607,14,12,4,3,2,0
607,14,12,8,7,5,2,1,0
607,14,12,9,3,1,0
607,14,12,10,9,7,4,3,2,1,0
607,14,12,11,8,7,2,1,0
607,14,12,11,10,9,8,6,0
607,14,13,9,4,3,2,1,0
607,14,13,10,4,2,0
607,14,13,10,8,7,5,4,3,2,0
607,14,13,10,9,8,4,1,0
607,14,13,11,5,4,3,2,0
607,14,13,11,8,2,0
607,14,13,11,8,5,4,3,0
607,14,13,11,9,5,4,2,0
607,14,13,11,9,6,5,4,2,1,0
607,14,13,11,9,8,6,5,3,1,0
607,14,13,11,10,9,8,5,0
607,14,13,12,5,4,3,1,0
607,14,13,12,9,8,7,6,0
607,14,13,12,10,9,8,7,0
607,14,13,12,11,7,5,4,2,1,0
607,14,13,12,11,9,7,5,4,2,0
607,14,13,12,11,9,7,6,5,4,0
607,14,13,12,11,9,8,7,5,4,3,1,0
607,14,13,12,11,10,7,5,4,3,2,1,0
607,15,3,1,0
607,15,10,8,6,5,0
607,15,10,9,8,4,3,1,0
607,15,10,9,8,7,5,3,0
607,15,11,5,4,2,0
607,15,11,9,6,4,3,2,0
607,15,11,9,8,6,4,1,0
607,15,11,10,5,1,0
607,15,11,10,7,6,4,2,0
607,15,11,10,9,7,6,5,4,2,0
607,15,12,8,6,5,0
607,15,12,11,8,7,6,5,0
607,15,12,11,9,7,5,2,0
607,15,12,11,9,7,6,4,3,2,0
607,15,12,11,10,5,4,1,0
607,15,12,11,10,6,0
607,15,12,11,10,7,5,3,0
607,15,12,11,10,9,7,6,5,3,0
607,15,12,11,10,9,8,7,4,3,0
607,15,13,10,8,7,6,5,3,1,0
607,15,13,11,5,3,0
607,15,13,11,7,2,0
607,15,13,11,8,7,5,2,0
607,15,13,11,9,5,4,3,0
607,15,13,11,9,8,7,6,4,2,0
607,15,13,11,10,6,5,4,3,2,0
607,15,13,11,10,7,6,2,0
607,15,13,12,10,9,6,4,3,1,0
607,15,13,12,11,7,5,1,0
607,15,13,12,11,9,5,4,0
607,15,13,12,11,9,8,6,5,4,3,2,0
607,15,13,12,11,10,8,6,5,2,0
607,15,13,12,11,10,9,8,7,5,0
607,15,14,6,5,4,3,2,0
607,15,14,10,9,3,2,1,0
607,15,14,10,9,7,4,2,0
607,15,14,10,9,8,5,2,0
607,15,14,10,9,8,7,5,4,3,2,1,0
607,15,14,11,7,4,3,1,0
607,15,14,11,9,7,5,3,0
607,15,14,11,10,9,8,4,2,1,0
607,15,14,12,6,3,2,1,0
607,15,14,12,8,7,5,3,0
607,15,14,12,10,7,4,2,0
607,15,14,12,10,9,5,3,0
607,15,14,12,10,9,8,7,6,5,2,1,0
607,15,14,12,11,9,6,3,0
607,15,14,12,11,9,8,7,3,2,0
607,15,14,12,11,10,9,5,0
607,15,14,13,4,1,0
607,15,14,13,8,7,6,3,2,1,0
607,15,14,13,10,9,8,6,5,3,2,1,0
607,15,14,13,11,7,2,1,0
607,15,14,13,11,8,2,1,0
607,15,14,13,11,8,7,6,5,3,0
607,15,14,13,11,9,8,4,3,1,0
607,15,14,13,11,9,8,7,4,2,0
607,15,14,13,11,10,8,5,3,1,0
607,15,14,13,11,10,8,6,2,1,0
607,15,14,13,11,10,8,7,0
607,15,14,13,12,9,8,7,3,1,0
607,15,14,13,12,10,3,1,0
607,15,14,13,12,10,8,6,4,3,0
607,15,14,13,12,10,9,8,4,3,0
607,15,14,13,12,10,9,8,6,1,0
607,15,14,13,12,11,9,7,5,3,2,1,0
607,15,14,13,12,11,10,7,6,5,3,2,0
607,15,14,13,12,11,10,9,6,4,0
607,15,14,13,12,11,10,9,8,7,6,4,3,2,0
607,16,6,5,4,1,0
607,16,7,6,5,3,2,1,0
607,16,8,7,5,4,3,1,0
607,16,9,8,7,5,0
607,16,9,8,7,5,2,1,0
607,16,10,9,8,7,4,1,0
607,16,11,3,0
607,16,11,7,6,3,2,1,0
607,16,11,8,7,6,4,1,0
607,16,11,9,8,5,4,2,0
607,16,11,10,9,7,6,3,0
607,16,12,8,6,5,4,3,2,1,0
607,16,12,10,8,7,5,2,0
607,16,12,11,7,4,0
607,16,12,11,8,6,3,1,0
607,16,12,11,8,6,4,3,2,1,0
607,16,12,11,10,7,3,2,0
607,16,12,11,10,8,5,1,0
607,16,12,11,10,9,8,7,4,3,2,1,0
607,16,13,8,5,4,0
607,16,13,8,5,4,3,2,0
607,16,13,9,7,5,0
