#
# Binary primitive polynomials of degree 63 in counting order.
# Table is complete for second-highest term <=15.
# Additionally the first few entries for 16 are listed.
#.
# Generated by Joerg Arndt, 2004-October-29
#
63,1,0
63,5,0
63,5,4,1,0
63,6,4,3,2,1,0
63,6,5,3,2,1,0
63,9,3,1,0
63,9,5,3,2,1,0
63,9,6,4,2,1,0
63,9,7,4,0
63,9,7,5,3,1,0
63,9,7,6,2,1,0
63,9,8,5,4,3,2,1,0
63,9,8,7,5,4,0
63,10,4,3,0
63,10,6,5,4,3,0
63,10,7,5,0
63,10,7,6,5,3,2,1,0
63,10,7,6,5,4,3,1,0
63,10,8,6,5,4,3,1,0
63,10,8,7,4,3,2,1,0
63,10,8,7,6,5,3,2,0
63,10,9,5,4,3,2,1,0
63,10,9,6,2,1,0
63,10,9,6,5,4,3,2,0
63,10,9,8,2,1,0
63,10,9,8,6,5,4,1,0
63,10,9,8,7,5,0
63,10,9,8,7,6,5,4,2,1,0
63,11,5,3,0
63,11,6,4,3,2,0
63,11,7,1,0
63,11,8,6,4,1,0
63,11,9,3,0
63,11,9,4,3,1,0
63,11,9,6,5,2,0
63,11,9,7,3,2,0
63,11,9,7,5,1,0
63,11,9,7,5,3,0
63,11,9,7,6,5,4,3,0
63,11,9,8,5,4,3,2,0
63,11,9,8,7,6,5,2,0
63,11,10,6,4,2,0
63,11,10,6,5,3,0
63,11,10,7,3,2,0
63,11,10,8,6,5,3,2,0
63,11,10,8,7,6,4,3,0
63,11,10,8,7,6,5,3,0
63,11,10,9,5,3,2,1,0
63,11,10,9,6,1,0
63,11,10,9,6,5,4,1,0
63,11,10,9,7,6,0
63,11,10,9,7,6,5,2,0
63,11,10,9,7,6,5,4,3,1,0
63,11,10,9,8,6,4,2,0
63,11,10,9,8,6,5,2,0
63,11,10,9,8,7,6,4,0
63,11,10,9,8,7,6,5,4,1,0
63,12,7,6,4,3,0
63,12,8,4,3,2,0
63,12,8,5,3,1,0
63,12,8,7,2,1,0
63,12,8,7,6,3,2,1,0
63,12,8,7,6,5,4,3,0
63,12,9,5,0
63,12,9,6,5,3,2,1,0
63,12,9,7,5,4,0
63,12,9,7,5,4,3,2,0
63,12,9,7,6,3,2,1,0
63,12,9,8,5,2,0
63,12,10,3,0
63,12,10,4,0
63,12,10,5,3,1,0
63,12,10,5,3,2,0
63,12,10,8,3,1,0
63,12,10,8,6,4,2,1,0
63,12,10,8,7,2,0
63,12,10,9,7,4,0
63,12,10,9,7,6,5,4,2,1,0
63,12,10,9,8,7,6,4,3,2,0
63,12,11,5,4,3,0
63,12,11,6,4,3,2,1,0
63,12,11,7,3,1,0
63,12,11,8,5,4,3,1,0
63,12,11,8,6,2,0
63,12,11,8,7,3,0
63,12,11,8,7,6,5,4,0
63,12,11,9,4,1,0
63,12,11,9,6,5,3,1,0
63,12,11,9,8,7,6,4,3,2,0
63,12,11,10,4,3,0
63,12,11,10,6,5,2,1,0
63,12,11,10,6,5,4,3,0
63,12,11,10,7,4,2,1,0
63,12,11,10,7,6,5,2,0
63,12,11,10,8,7,6,5,4,2,0
63,12,11,10,9,5,4,3,0
63,12,11,10,9,7,6,4,3,1,0
63,12,11,10,9,8,5,4,0
63,12,11,10,9,8,6,3,0
63,12,11,10,9,8,7,4,3,1,0
63,12,11,10,9,8,7,6,3,1,0
63,12,11,10,9,8,7,6,5,3,0
63,13,4,1,0
63,13,5,3,2,1,0
63,13,5,4,0
63,13,7,6,0
63,13,7,6,4,1,0
63,13,8,6,5,1,0
63,13,8,6,5,4,0
63,13,8,7,6,2,0
63,13,8,7,6,4,3,1,0
63,13,8,7,6,5,3,1,0
63,13,9,4,0
63,13,9,6,0
63,13,9,6,5,1,0
63,13,9,7,4,1,0
63,13,9,7,4,3,2,1,0
63,13,9,8,4,2,0
63,13,9,8,5,1,0
63,13,9,8,6,3,2,1,0
63,13,9,8,6,5,4,3,0
63,13,10,8,5,4,0
63,13,10,8,7,4,3,2,0
63,13,10,9,3,2,0
63,13,10,9,4,3,2,1,0
63,13,10,9,5,4,3,1,0
63,13,10,9,6,5,4,2,0
63,13,10,9,8,5,4,1,0
63,13,11,5,4,2,0
63,13,11,7,5,4,0
63,13,11,8,4,3,0
63,13,11,8,7,6,0
63,13,11,8,7,6,5,4,3,2,0
63,13,11,9,5,3,0
63,13,11,9,6,4,0
63,13,11,9,7,6,0
63,13,11,9,8,1,0
63,13,11,9,8,5,3,2,0
63,13,11,9,8,6,4,2,0
63,13,11,9,8,7,6,5,4,3,2,1,0
63,13,11,10,7,4,0
63,13,11,10,8,7,5,1,0
63,13,11,10,8,7,5,3,2,1,0
63,13,11,10,9,8,5,4,3,1,0
63,13,11,10,9,8,6,4,2,1,0
63,13,11,10,9,8,6,5,3,2,0
63,13,11,10,9,8,6,5,4,2,0
63,13,11,10,9,8,7,5,2,1,0
63,13,11,10,9,8,7,5,4,2,0
63,13,12,5,3,2,0
63,13,12,6,3,1,0
63,13,12,6,4,1,0
63,13,12,6,5,3,2,1,0
63,13,12,7,5,4,2,1,0
63,13,12,7,6,5,4,2,0
63,13,12,8,4,3,0
63,13,12,8,6,5,0
63,13,12,8,7,5,3,1,0
63,13,12,9,5,4,2,1,0
63,13,12,9,6,4,3,2,0
63,13,12,9,7,5,4,1,0
63,13,12,9,8,4,0
63,13,12,9,8,5,4,2,0
63,13,12,9,8,7,5,3,0
63,13,12,9,8,7,5,4,0
63,13,12,9,8,7,6,3,0
63,13,12,9,8,7,6,5,4,3,0
63,13,12,10,4,1,0
63,13,12,10,4,3,2,1,0
63,13,12,10,7,4,0
63,13,12,10,7,4,3,1,0
63,13,12,10,7,6,4,1,0
63,13,12,10,8,3,2,1,0
63,13,12,10,8,6,0
63,13,12,10,8,6,3,2,0
63,13,12,10,8,6,5,4,2,1,0
63,13,12,10,8,7,4,3,2,1,0
63,13,12,10,8,7,5,1,0
63,13,12,10,8,7,6,4,0
63,13,12,10,9,5,4,1,0
63,13,12,10,9,7,2,1,0
63,13,12,10,9,7,5,4,0
63,13,12,10,9,7,6,5,3,1,0
63,13,12,10,9,8,5,4,0
63,13,12,10,9,8,6,5,3,1,0
63,13,12,10,9,8,7,2,0
63,13,12,11,3,1,0
63,13,12,11,6,4,0
63,13,12,11,6,5,4,3,0
63,13,12,11,7,6,3,2,0
63,13,12,11,8,1,0
63,13,12,11,8,5,3,2,0
63,13,12,11,8,6,5,3,2,1,0
63,13,12,11,8,7,6,3,0
63,13,12,11,9,6,5,4,0
63,13,12,11,9,7,5,4,2,1,0
63,13,12,11,9,8,4,1,0
63,13,12,11,9,8,5,4,2,1,0
63,13,12,11,9,8,6,5,2,1,0
63,13,12,11,9,8,6,5,4,3,2,1,0
63,13,12,11,9,8,7,5,3,2,0
63,13,12,11,9,8,7,6,0
63,13,12,11,9,8,7,6,3,2,0
63,13,12,11,9,8,7,6,5,2,0
63,13,12,11,10,5,4,1,0
63,13,12,11,10,7,6,4,0
63,13,12,11,10,7,6,5,2,1,0
63,13,12,11,10,8,7,4,0
63,13,12,11,10,8,7,6,4,1,0
63,13,12,11,10,8,7,6,5,2,0
63,13,12,11,10,8,7,6,5,4,3,2,0
63,13,12,11,10,9,4,1,0
63,13,12,11,10,9,8,6,0
63,13,12,11,10,9,8,7,4,2,0
63,14,6,3,2,1,0
63,14,7,6,3,1,0
63,14,7,6,4,3,2,1,0
63,14,7,6,5,4,0
63,14,8,5,4,3,2,1,0
63,14,9,5,3,1,0
63,14,9,7,5,3,2,1,0
63,14,9,8,4,1,0
63,14,9,8,6,3,0
63,14,9,8,7,6,4,1,0
63,14,9,8,7,6,4,2,0
63,14,9,8,7,6,5,4,3,2,0
63,14,10,3,2,1,0
63,14,10,6,3,1,0
63,14,10,6,5,4,3,2,0
63,14,10,8,3,1,0
63,14,10,8,6,1,0
63,14,10,9,4,2,0
63,14,10,9,5,3,0
63,14,10,9,6,4,0
63,14,10,9,7,2,0
63,14,10,9,7,3,2,1,0
63,14,10,9,7,6,4,3,2,1,0
63,14,10,9,8,4,0
63,14,10,9,8,5,2,1,0
63,14,10,9,8,6,5,4,2,1,0
63,14,10,9,8,7,6,4,3,1,0
63,14,11,6,4,1,0
63,14,11,8,6,4,3,2,0
63,14,11,8,7,5,4,2,0
63,14,11,8,7,6,4,3,0
63,14,11,9,5,4,3,1,0
63,14,11,9,7,4,3,1,0
63,14,11,9,7,6,0
63,14,11,9,8,6,5,4,0
63,14,11,9,8,7,6,4,2,1,0
63,14,11,9,8,7,6,4,3,2,0
63,14,11,9,8,7,6,5,4,1,0
63,14,11,10,0
63,14,11,10,2,1,0
63,14,11,10,6,4,0
63,14,11,10,6,4,3,1,0
63,14,11,10,7,3,0
63,14,11,10,8,4,3,2,0
63,14,11,10,8,6,3,2,0
63,14,11,10,8,7,6,5,0
63,14,11,10,9,5,4,3,0
63,14,11,10,9,6,2,1,0
63,14,11,10,9,7,6,4,0
63,14,11,10,9,8,5,4,0
63,14,11,10,9,8,6,5,4,1,0
63,14,11,10,9,8,7,5,4,3,2,1,0
63,14,12,4,3,1,0
63,14,12,5,4,1,0
63,14,12,5,4,3,2,1,0
63,14,12,6,5,4,3,1,0
63,14,12,7,6,5,4,1,0
63,14,12,7,6,5,4,2,0
63,14,12,8,7,6,5,4,0
63,14,12,8,7,6,5,4,2,1,0
63,14,12,9,7,6,5,3,2,1,0
63,14,12,9,8,6,5,2,0
63,14,12,9,8,6,5,4,3,1,0
63,14,12,9,8,7,5,2,0
63,14,12,10,6,4,0
63,14,12,10,6,4,3,2,0
63,14,12,10,7,5,3,1,0
63,14,12,10,8,5,4,2,0
63,14,12,10,8,7,5,3,0
63,14,12,10,8,7,5,4,3,1,0
63,14,12,10,8,7,6,2,0
63,14,12,10,9,4,2,1,0
63,14,12,10,9,5,3,1,0
63,14,12,10,9,6,3,2,0
63,14,12,10,9,7,5,3,0
63,14,12,10,9,8,7,5,2,1,0
63,14,12,11,3,2,0
63,14,12,11,6,5,3,2,0
63,14,12,11,7,3,0
63,14,12,11,7,6,5,2,0
63,14,12,11,8,5,3,2,0
63,14,12,11,8,7,4,2,0
63,14,12,11,8,7,6,1,0
63,14,12,11,8,7,6,4,2,1,0
63,14,12,11,8,7,6,5,4,1,0
63,14,12,11,9,5,3,2,0
63,14,12,11,9,6,3,2,0
63,14,12,11,9,7,5,4,0
63,14,12,11,9,7,6,5,2,1,0
63,14,12,11,9,8,7,2,0
63,14,12,11,9,8,7,6,5,3,0
63,14,12,11,10,6,4,3,0
63,14,12,11,10,6,5,4,0
63,14,12,11,10,7,4,3,0
63,14,12,11,10,7,6,4,2,1,0
63,14,12,11,10,8,4,2,0
63,14,12,11,10,9,0
63,14,12,11,10,9,5,2,0
63,14,12,11,10,9,6,4,0
63,14,12,11,10,9,7,1,0
63,14,12,11,10,9,7,4,2,1,0
63,14,12,11,10,9,7,6,5,3,2,1,0
63,14,13,4,2,1,0
63,14,13,6,5,4,3,2,0
63,14,13,7,4,1,0
63,14,13,7,5,4,0
63,14,13,8,5,1,0
63,14,13,9,6,5,4,1,0
63,14,13,9,7,5,0
63,14,13,9,7,6,3,2,0
63,14,13,9,7,6,4,2,0
63,14,13,9,8,5,4,3,2,1,0
63,14,13,9,8,7,6,2,0
63,14,13,10,6,3,2,1,0
63,14,13,10,6,5,4,3,2,1,0
63,14,13,10,7,6,3,1,0
63,14,13,10,8,7,5,4,0
63,14,13,10,8,7,6,5,4,3,0
63,14,13,10,9,2,0
63,14,13,10,9,4,3,1,0
63,14,13,10,9,5,0
63,14,13,10,9,7,6,3,2,1,0
63,14,13,10,9,7,6,5,3,1,0
63,14,13,10,9,8,4,1,0
63,14,13,10,9,8,6,5,0
63,14,13,10,9,8,7,6,5,3,2,1,0
63,14,13,11,7,6,5,3,2,1,0
63,14,13,11,7,6,5,4,2,1,0
63,14,13,11,8,5,2,1,0
63,14,13,11,8,7,3,2,0
63,14,13,11,8,7,4,1,0
63,14,13,11,8,7,5,1,0
63,14,13,11,9,3,0
63,14,13,11,9,6,0
63,14,13,11,9,8,4,3,2,1,0
63,14,13,11,9,8,6,1,0
63,14,13,11,9,8,6,4,0
63,14,13,11,9,8,7,5,0
63,14,13,11,9,8,7,5,3,2,0
63,14,13,11,9,8,7,6,5,4,0
63,14,13,11,9,8,7,6,5,4,2,1,0
63,14,13,11,10,6,0
63,14,13,11,10,6,5,2,0
63,14,13,11,10,6,5,4,2,1,0
63,14,13,11,10,6,5,4,3,2,0
63,14,13,11,10,7,2,1,0
63,14,13,11,10,7,3,1,0
63,14,13,11,10,7,5,4,2,1,0
63,14,13,11,10,7,6,5,4,3,0
63,14,13,11,10,8,2,1,0
63,14,13,11,10,8,7,2,0
63,14,13,11,10,8,7,5,4,2,0
63,14,13,11,10,8,7,6,3,1,0
63,14,13,11,10,9,3,1,0
63,14,13,11,10,9,4,3,2,1,0
63,14,13,11,10,9,6,5,4,2,0
63,14,13,11,10,9,8,5,4,1,0
63,14,13,11,10,9,8,6,5,2,0
63,14,13,12,5,4,3,1,0
63,14,13,12,8,5,4,2,0
63,14,13,12,8,6,5,1,0
63,14,13,12,8,6,5,4,3,2,0
63,14,13,12,8,7,5,3,2,1,0
63,14,13,12,8,7,6,3,0
63,14,13,12,9,6,5,4,3,1,0
63,14,13,12,9,6,5,4,3,2,0
63,14,13,12,9,7,5,3,0
63,14,13,12,9,7,6,5,4,3,0
63,14,13,12,9,8,2,1,0
63,14,13,12,9,8,5,4,3,2,0
63,14,13,12,9,8,6,5,2,1,0
63,14,13,12,9,8,7,5,3,2,0
63,14,13,12,9,8,7,5,4,2,0
63,14,13,12,9,8,7,6,5,3,2,1,0
63,14,13,12,9,8,7,6,5,4,2,1,0
63,14,13,12,10,7,6,5,0
63,14,13,12,10,7,6,5,3,1,0
63,14,13,12,10,7,6,5,4,2,0
63,14,13,12,10,8,3,2,0
63,14,13,12,10,8,5,2,0
63,14,13,12,10,8,6,5,4,1,0
63,14,13,12,10,8,7,3,2,1,0
63,14,13,12,10,8,7,5,3,1,0
63,14,13,12,10,8,7,5,4,3,0
63,14,13,12,10,8,7,6,0
63,14,13,12,10,9,0
63,14,13,12,10,9,2,1,0
63,14,13,12,10,9,5,4,0
63,14,13,12,10,9,6,4,2,1,0
63,14,13,12,10,9,7,4,0
63,14,13,12,10,9,8,1,0
63,14,13,12,10,9,8,6,5,4,2,1,0
63,14,13,12,10,9,8,7,5,1,0
63,14,13,12,10,9,8,7,5,2,0
63,14,13,12,10,9,8,7,5,4,0
63,14,13,12,11,4,0
63,14,13,12,11,5,3,2,0
63,14,13,12,11,6,5,3,2,1,0
63,14,13,12,11,7,4,3,2,1,0
63,14,13,12,11,7,5,2,0
63,14,13,12,11,7,5,4,3,2,0
63,14,13,12,11,8,6,3,2,1,0
63,14,13,12,11,8,6,4,3,2,0
63,14,13,12,11,9,5,3,2,1,0
63,14,13,12,11,9,5,4,2,1,0
63,14,13,12,11,9,6,1,0
63,14,13,12,11,9,8,5,4,3,0
63,14,13,12,11,9,8,7,3,2,0
63,14,13,12,11,10,6,5,0
63,14,13,12,11,10,8,3,0
63,14,13,12,11,10,8,7,5,3,0
63,14,13,12,11,10,8,7,5,3,2,1,0
63,14,13,12,11,10,8,7,6,1,0
63,14,13,12,11,10,9,4,3,1,0
63,14,13,12,11,10,9,5,0
63,14,13,12,11,10,9,5,4,3,2,1,0
63,14,13,12,11,10,9,6,4,1,0
63,14,13,12,11,10,9,6,5,2,0
63,14,13,12,11,10,9,7,2,1,0
63,14,13,12,11,10,9,7,6,4,3,2,0
63,14,13,12,11,10,9,8,4,3,2,1,0
63,14,13,12,11,10,9,8,7,6,4,3,2,1,0
63,15,7,1,0
63,15,7,4,3,2,0
63,15,7,5,3,1,0
63,15,8,7,4,2,0
63,15,8,7,6,1,0
63,15,8,7,6,4,2,1,0
63,15,8,7,6,5,4,2,0
63,15,9,2,0
63,15,9,7,6,4,0
63,15,9,8,6,5,0
63,15,9,8,7,4,3,2,0
63,15,10,5,3,2,0
63,15,10,6,0
63,15,10,6,5,2,0
63,15,10,7,3,1,0
63,15,10,7,5,4,2,1,0
63,15,10,7,6,1,0
63,15,10,7,6,5,4,3,2,1,0
63,15,10,8,5,3,0
63,15,10,8,7,3,0
63,15,10,8,7,5,4,3,2,1,0
63,15,10,8,7,6,4,1,0
63,15,10,9,5,2,0
63,15,10,9,7,5,0
63,15,10,9,7,6,4,1,0
63,15,10,9,7,6,5,4,3,2,0
63,15,10,9,8,2,0
63,15,10,9,8,5,4,2,0
63,15,10,9,8,6,5,4,3,2,0
63,15,10,9,8,7,6,5,3,2,0
63,15,10,9,8,7,6,5,4,3,2,1,0
63,15,11,4,3,1,0
63,15,11,5,3,1,0
63,15,11,5,4,3,0
63,15,11,6,4,3,2,1,0
63,15,11,7,2,1,0
63,15,11,7,3,1,0
63,15,11,7,6,4,0
63,15,11,8,4,3,0
63,15,11,8,7,5,2,1,0
63,15,11,9,4,3,2,1,0
63,15,11,9,6,4,3,2,0
63,15,11,9,7,2,0
63,15,11,9,7,5,3,1,0
63,15,11,9,7,6,3,1,0
63,15,11,9,7,6,4,2,0
63,15,11,9,7,6,5,3,2,1,0
63,15,11,9,8,3,0
63,15,11,9,8,7,5,4,3,2,0
63,15,11,9,8,7,6,5,3,2,0
63,15,11,9,8,7,6,5,4,3,2,1,0
63,15,11,10,7,5,0
63,15,11,10,8,7,4,3,2,1,0
63,15,11,10,9,6,4,3,2,1,0
63,15,11,10,9,7,2,1,0
63,15,11,10,9,7,4,3,2,1,0
63,15,11,10,9,7,5,1,0
63,15,11,10,9,7,5,4,2,1,0
63,15,11,10,9,7,6,5,4,3,2,1,0
63,15,11,10,9,8,4,2,0
63,15,11,10,9,8,5,2,0
63,15,11,10,9,8,6,5,2,1,0
63,15,11,10,9,8,7,1,0
63,15,11,10,9,8,7,6,5,4,2,1,0
63,15,12,1,0
63,15,12,4,3,1,0
63,15,12,6,5,3,0
63,15,12,7,3,1,0
63,15,12,7,6,5,3,1,0
63,15,12,8,6,5,4,3,2,1,0
63,15,12,8,7,3,2,1,0
63,15,12,8,7,4,3,2,0
63,15,12,8,7,5,2,1,0
63,15,12,8,7,6,3,1,0
63,15,12,8,7,6,5,3,0
63,15,12,9,6,5,2,1,0
63,15,12,9,7,5,4,3,2,1,0
63,15,12,9,8,6,0
63,15,12,9,8,6,4,3,2,1,0
63,15,12,9,8,7,5,1,0
63,15,12,9,8,7,6,1,0
63,15,12,9,8,7,6,5,4,1,0
63,15,12,10,7,4,0
63,15,12,10,8,1,0
63,15,12,10,8,4,0
63,15,12,10,8,6,4,3,2,1,0
63,15,12,10,9,4,0
63,15,12,10,9,7,0
63,15,12,10,9,7,5,4,3,2,0
63,15,12,10,9,7,6,4,3,1,0
63,15,12,10,9,8,5,3,2,1,0
63,15,12,10,9,8,7,6,5,2,0
63,15,12,10,9,8,7,6,5,4,2,1,0
63,15,12,11,3,2,0
63,15,12,11,6,5,0
63,15,12,11,6,5,4,3,0
63,15,12,11,7,4,3,2,0
63,15,12,11,7,6,5,4,0
63,15,12,11,8,5,4,3,2,1,0
63,15,12,11,8,7,2,1,0
63,15,12,11,8,7,3,1,0
63,15,12,11,8,7,4,3,0
63,15,12,11,8,7,6,4,3,2,0
63,15,12,11,8,7,6,5,2,1,0
63,15,12,11,9,6,2,1,0
63,15,12,11,9,7,3,1,0
63,15,12,11,9,7,6,4,0
63,15,12,11,9,7,6,4,3,2,0
63,15,12,11,9,7,6,5,4,3,0
63,15,12,11,9,8,7,4,3,1,0
63,15,12,11,9,8,7,5,4,2,0
63,15,12,11,10,4,3,2,0
63,15,12,11,10,5,2,1,0
63,15,12,11,10,6,3,2,0
63,15,12,11,10,6,5,4,3,1,0
63,15,12,11,10,8,7,1,0
63,15,12,11,10,8,7,5,0
63,15,12,11,10,8,7,6,5,4,2,1,0
63,15,12,11,10,9,4,2,0
63,15,12,11,10,9,7,3,0
63,15,12,11,10,9,7,5,3,1,0
63,15,12,11,10,9,7,5,4,3,0
63,15,12,11,10,9,8,4,3,1,0
63,15,12,11,10,9,8,6,5,4,2,1,0
63,15,12,11,10,9,8,7,5,3,2,1,0
63,15,12,11,10,9,8,7,5,4,3,2,0
63,15,13,5,2,1,0
63,15,13,7,5,4,2,1,0
63,15,13,8,3,2,0
63,15,13,8,7,4,3,2,0
63,15,13,8,7,6,2,1,0
63,15,13,8,7,6,4,1,0
63,15,13,9,5,1,0
63,15,13,9,5,4,0
63,15,13,9,6,5,4,3,0
63,15,13,9,7,4,0
63,15,13,9,7,6,4,3,2,1,0
63,15,13,9,8,5,0
63,15,13,9,8,6,3,2,0
63,15,13,9,8,6,5,4,3,2,0
63,15,13,9,8,7,6,5,4,1,0
63,15,13,10,6,2,0
63,15,13,10,7,5,4,3,0
63,15,13,10,7,6,4,2,0
63,15,13,10,7,6,5,3,2,1,0
63,15,13,10,7,6,5,4,3,2,0
63,15,13,10,8,7,5,3,2,1,0
63,15,13,10,8,7,6,3,2,1,0
63,15,13,10,8,7,6,5,4,1,0
63,15,13,10,9,8,6,3,2,1,0
63,15,13,10,9,8,6,4,3,2,0
63,15,13,10,9,8,7,6,4,2,0
63,15,13,11,5,3,2,1,0
63,15,13,11,6,4,0
63,15,13,11,6,5,3,1,0
63,15,13,11,7,5,3,1,0
63,15,13,11,8,4,3,1,0
63,15,13,11,8,5,3,1,0
63,15,13,11,8,7,4,1,0
63,15,13,11,9,5,4,1,0
63,15,13,11,9,7,5,1,0
63,15,13,11,9,7,6,5,4,1,0
63,15,13,11,9,8,2,1,0
63,15,13,11,9,8,4,2,0
63,15,13,11,9,8,6,4,3,2,0
63,15,13,11,9,8,6,5,4,2,0
63,15,13,11,9,8,7,1,0
63,15,13,11,9,8,7,5,4,2,0
63,15,13,11,9,8,7,6,4,1,0
63,15,13,11,9,8,7,6,5,4,3,2,0
63,15,13,11,10,4,3,1,0
63,15,13,11,10,6,4,1,0
63,15,13,11,10,6,5,1,0
63,15,13,11,10,7,5,3,2,1,0
63,15,13,11,10,7,5,4,3,1,0
63,15,13,11,10,7,6,3,2,1,0
63,15,13,11,10,8,5,4,2,1,0
63,15,13,11,10,8,7,6,0
63,15,13,11,10,8,7,6,5,4,2,1,0
63,15,13,11,10,9,6,5,0
63,15,13,11,10,9,7,6,2,1,0
63,15,13,11,10,9,7,6,5,1,0
63,15,13,11,10,9,8,6,0
63,15,13,11,10,9,8,6,4,3,0
63,15,13,11,10,9,8,7,5,4,3,2,0
63,15,13,11,10,9,8,7,6,5,4,2,0
63,15,13,12,5,4,3,2,0
63,15,13,12,6,4,3,1,0
63,15,13,12,7,4,0
63,15,13,12,8,6,3,1,0
63,15,13,12,9,6,4,2,0
63,15,13,12,9,7,3,1,0
63,15,13,12,9,7,6,5,2,1,0
63,15,13,12,9,7,6,5,4,2,0
63,15,13,12,9,8,6,1,0
63,15,13,12,9,8,6,4,3,2,0
63,15,13,12,9,8,6,5,4,3,0
63,15,13,12,9,8,7,4,3,2,0
63,15,13,12,9,8,7,5,4,1,0
63,15,13,12,9,8,7,5,4,3,0
63,15,13,12,10,2,0
63,15,13,12,10,5,4,3,2,1,0
63,15,13,12,10,7,6,3,2,1,0
63,15,13,12,10,8,6,5,3,1,0
63,15,13,12,10,8,7,5,3,1,0
63,15,13,12,10,8,7,6,5,3,2,1,0
63,15,13,12,10,9,7,6,2,1,0
63,15,13,12,10,9,7,6,5,4,3,2,0
63,15,13,12,10,9,8,4,3,2,0
63,15,13,12,10,9,8,5,4,3,0
63,15,13,12,10,9,8,6,3,2,0
63,15,13,12,10,9,8,6,4,1,0
63,15,13,12,11,7,6,2,0
63,15,13,12,11,8,0
63,15,13,12,11,8,6,4,3,1,0
63,15,13,12,11,8,6,5,4,2,0
63,15,13,12,11,8,7,6,5,3,0
63,15,13,12,11,8,7,6,5,3,2,1,0
63,15,13,12,11,9,6,4,3,2,0
63,15,13,12,11,9,7,6,3,2,0
63,15,13,12,11,9,7,6,5,2,0
63,15,13,12,11,9,8,6,5,4,3,2,0
63,15,13,12,11,9,8,7,4,3,2,1,0
63,15,13,12,11,9,8,7,5,3,0
63,15,13,12,11,9,8,7,5,4,2,1,0
63,15,13,12,11,9,8,7,5,4,3,1,0
63,15,13,12,11,9,8,7,6,1,0
63,15,13,12,11,9,8,7,6,5,3,2,0
63,15,13,12,11,9,8,7,6,5,4,1,0
63,15,13,12,11,10,2,1,0
63,15,13,12,11,10,4,2,0
63,15,13,12,11,10,8,7,3,1,0
63,15,13,12,11,10,8,7,6,4,3,2,0
63,15,13,12,11,10,8,7,6,5,2,1,0
63,15,13,12,11,10,9,2,0
63,15,13,12,11,10,9,3,2,1,0
63,15,13,12,11,10,9,5,4,1,0
63,15,13,12,11,10,9,7,4,2,0
63,15,13,12,11,10,9,7,4,3,2,1,0
63,15,13,12,11,10,9,7,5,1,0
63,15,13,12,11,10,9,7,6,5,4,3,0
63,15,14,6,5,4,2,1,0
63,15,14,7,5,4,3,2,0
63,15,14,8,7,6,5,2,0
63,15,14,9,7,5,4,3,0
63,15,14,9,7,6,4,3,0
63,15,14,9,7,6,5,4,3,2,0
63,15,14,9,8,1,0
63,15,14,9,8,4,3,1,0
63,15,14,9,8,7,2,1,0
63,15,14,9,8,7,5,4,3,2,0
63,15,14,9,8,7,6,4,0
63,15,14,10,6,4,2,1,0
63,15,14,10,6,5,2,1,0
63,15,14,10,7,5,3,2,0
63,15,14,10,8,4,3,1,0
63,15,14,10,8,6,5,4,0
63,15,14,10,8,7,3,2,0
63,15,14,10,9,6,5,4,3,1,0
63,15,14,10,9,8,6,1,0
63,15,14,10,9,8,6,4,0
63,15,14,10,9,8,6,4,3,1,0
63,15,14,10,9,8,6,5,3,1,0
63,15,14,10,9,8,7,6,3,2,0
63,15,14,10,9,8,7,6,4,3,2,1,0
63,15,14,10,9,8,7,6,5,4,3,1,0
63,15,14,11,6,3,0
63,15,14,11,7,1,0
63,15,14,11,7,4,0
63,15,14,11,7,4,3,2,0
63,15,14,11,7,6,5,2,0
63,15,14,11,7,6,5,4,3,2,0
63,15,14,11,8,7,6,5,4,2,0
63,15,14,11,9,5,4,1,0
63,15,14,11,9,6,4,3,0
63,15,14,11,9,6,5,3,2,1,0
63,15,14,11,9,7,2,1,0
63,15,14,11,9,8,3,2,0
63,15,14,11,9,8,4,2,0
63,15,14,11,9,8,6,5,4,3,0
63,15,14,11,9,8,7,4,2,1,0
63,15,14,11,9,8,7,6,5,3,0
63,15,14,11,10,5,4,2,0
63,15,14,11,10,7,3,1,0
63,15,14,11,10,7,5,3,0
63,15,14,11,10,7,5,4,3,1,0
63,15,14,11,10,7,6,2,0
63,15,14,11,10,7,6,5,2,1,0
63,15,14,11,10,8,5,1,0
63,15,14,11,10,8,7,5,4,3,2,1,0
63,15,14,11,10,8,7,6,4,2,0
63,15,14,11,10,8,7,6,5,1,0
63,15,14,11,10,9,5,4,0
63,15,14,11,10,9,7,5,4,3,2,1,0
63,15,14,11,10,9,7,6,5,3,0
63,15,14,11,10,9,8,3,2,1,0
63,15,14,11,10,9,8,6,2,1,0
63,15,14,11,10,9,8,6,5,4,3,1,0
63,15,14,11,10,9,8,6,5,4,3,2,0
63,15,14,11,10,9,8,7,5,4,3,1,0
63,15,14,12,5,4,3,1,0
63,15,14,12,6,4,3,1,0
63,15,14,12,6,5,4,3,0
63,15,14,12,7,1,0
63,15,14,12,7,4,3,2,0
63,15,14,12,7,6,2,1,0
63,15,14,12,7,6,3,2,0
63,15,14,12,8,5,4,2,0
63,15,14,12,8,7,3,1,0
63,15,14,12,8,7,4,3,0
63,15,14,12,9,3,0
63,15,14,12,9,4,3,2,0
63,15,14,12,9,6,5,3,0
63,15,14,12,9,7,5,1,0
63,15,14,12,9,7,6,4,2,1,0
63,15,14,12,9,8,5,2,0
63,15,14,12,9,8,6,4,0
63,15,14,12,9,8,7,4,3,1,0
63,15,14,12,9,8,7,5,2,1,0
63,15,14,12,10,4,3,2,0
63,15,14,12,10,6,4,3,0
63,15,14,12,10,7,5,4,2,1,0
63,15,14,12,10,8,7,1,0
63,15,14,12,10,8,7,4,0
63,15,14,12,10,9,4,3,0
63,15,14,12,10,9,6,5,2,1,0
63,15,14,12,10,9,8,1,0
63,15,14,12,10,9,8,3,0
63,15,14,12,10,9,8,6,5,4,2,1,0
63,15,14,12,11,2,0
63,15,14,12,11,5,4,1,0
63,15,14,12,11,6,4,3,2,1,0
63,15,14,12,11,7,5,1,0
63,15,14,12,11,8,2,1,0
63,15,14,12,11,8,6,4,2,1,0
63,15,14,12,11,8,7,1,0
63,15,14,12,11,8,7,6,4,2,0
63,15,14,12,11,9,5,4,2,1,0
63,15,14,12,11,9,6,1,0
63,15,14,12,11,9,7,4,0
63,15,14,12,11,9,8,6,4,3,2,1,0
63,15,14,12,11,9,8,7,4,3,2,1,0
63,15,14,12,11,10,5,3,2,1,0
63,15,14,12,11,10,6,3,2,1,0
63,15,14,12,11,10,6,5,2,1,0
63,15,14,12,11,10,7,6,5,2,0
63,15,14,12,11,10,7,6,5,3,2,1,0
63,15,14,12,11,10,8,5,4,3,0
63,15,14,12,11,10,9,5,3,1,0
63,15,14,12,11,10,9,6,4,2,0
63,15,14,12,11,10,9,6,5,4,3,2,0
63,15,14,12,11,10,9,7,0
63,15,14,12,11,10,9,7,5,4,3,1,0
63,15,14,12,11,10,9,8,5,3,0
63,15,14,12,11,10,9,8,5,4,3,2,0
63,15,14,12,11,10,9,8,6,4,3,2,0
63,15,14,12,11,10,9,8,7,4,2,1,0
63,15,14,12,11,10,9,8,7,6,0
63,15,14,13,5,3,0
63,15,14,13,6,4,0
63,15,14,13,6,5,3,1,0
63,15,14,13,6,5,4,3,0
63,15,14,13,7,3,2,1,0
63,15,14,13,7,5,4,3,0
63,15,14,13,7,6,0
63,15,14,13,7,6,2,1,0
63,15,14,13,7,6,4,3,2,1,0
63,15,14,13,8,5,3,2,0
63,15,14,13,8,6,4,3,0
63,15,14,13,8,7,4,3,2,1,0
63,15,14,13,9,5,2,1,0
63,15,14,13,9,5,4,1,0
63,15,14,13,9,6,2,1,0
63,15,14,13,9,6,5,4,0
63,15,14,13,9,7,3,2,0
63,15,14,13,9,7,5,4,0
63,15,14,13,9,8,4,3,0
63,15,14,13,9,8,5,3,2,1,0
63,15,14,13,9,8,6,5,3,1,0
63,15,14,13,9,8,6,5,4,3,2,1,0
63,15,14,13,9,8,7,6,5,2,0
63,15,14,13,10,5,4,1,0
63,15,14,13,10,6,5,1,0
63,15,14,13,10,7,5,4,3,1,0
63,15,14,13,10,7,6,3,2,1,0
63,15,14,13,10,8,7,5,4,2,0
63,15,14,13,10,8,7,6,5,1,0
63,15,14,13,10,9,3,2,0
63,15,14,13,10,9,6,3,0
63,15,14,13,10,9,6,5,4,1,0
63,15,14,13,10,9,7,6,5,4,3,2,0
63,15,14,13,10,9,8,4,0
63,15,14,13,10,9,8,6,3,1,0
63,15,14,13,10,9,8,7,6,1,0
63,15,14,13,10,9,8,7,6,5,4,2,0
63,15,14,13,11,5,4,3,0
63,15,14,13,11,6,2,1,0
63,15,14,13,11,6,4,1,0
63,15,14,13,11,6,4,2,0
63,15,14,13,11,7,0
63,15,14,13,11,8,5,1,0
63,15,14,13,11,8,5,3,0
63,15,14,13,11,8,6,2,0
63,15,14,13,11,8,7,5,4,3,2,1,0
63,15,14,13,11,8,7,6,4,2,0
63,15,14,13,11,9,7,1,0
63,15,14,13,11,9,7,2,0
63,15,14,13,11,9,7,3,0
63,15,14,13,11,9,7,6,5,2,0
63,15,14,13,11,9,7,6,5,4,3,2,0
63,15,14,13,11,9,8,1,0
63,15,14,13,11,9,8,5,0
63,15,14,13,11,9,8,6,5,3,2,1,0
63,15,14,13,11,9,8,7,6,3,0
63,15,14,13,11,9,8,7,6,4,3,1,0
63,15,14,13,11,10,5,4,2,1,0
63,15,14,13,11,10,5,4,3,2,0
63,15,14,13,11,10,7,4,3,1,0
63,15,14,13,11,10,7,5,4,3,2,1,0
63,15,14,13,11,10,7,6,2,1,0
63,15,14,13,11,10,8,5,3,2,0
63,15,14,13,11,10,8,5,4,3,2,1,0
63,15,14,13,11,10,8,6,4,3,2,1,0
63,15,14,13,11,10,8,7,4,2,0
63,15,14,13,11,10,8,7,5,3,2,1,0
63,15,14,13,11,10,9,7,3,1,0
63,15,14,13,11,10,9,8,6,5,4,3,0
63,15,14,13,11,10,9,8,7,5,3,1,0
63,15,14,13,11,10,9,8,7,6,5,4,3,2,0
63,15,14,13,12,7,5,4,2,1,0
63,15,14,13,12,8,4,1,0
63,15,14,13,12,8,7,4,2,1,0
63,15,14,13,12,8,7,6,4,3,0
63,15,14,13,12,9,6,5,4,2,0
63,15,14,13,12,9,7,6,4,2,0
63,15,14,13,12,10,0
63,15,14,13,12,10,6,4,2,1,0
63,15,14,13,12,10,6,5,3,1,0
63,15,14,13,12,10,6,5,4,3,2,1,0
63,15,14,13,12,10,7,6,5,1,0
63,15,14,13,12,10,8,5,4,1,0
63,15,14,13,12,10,8,6,5,3,2,1,0
63,15,14,13,12,10,8,7,4,1,0
63,15,14,13,12,10,8,7,5,2,0
63,15,14,13,12,10,9,2,0
63,15,14,13,12,10,9,3,0
63,15,14,13,12,10,9,6,2,1,0
63,15,14,13,12,10,9,6,5,4,0
63,15,14,13,12,10,9,7,6,2,0
63,15,14,13,12,10,9,7,6,4,0
63,15,14,13,12,10,9,7,6,5,3,1,0
63,15,14,13,12,10,9,8,6,2,0
63,15,14,13,12,10,9,8,7,6,5,1,0
63,15,14,13,12,11,3,1,0
63,15,14,13,12,11,4,1,0
63,15,14,13,12,11,6,3,0
63,15,14,13,12,11,7,6,3,2,0
63,15,14,13,12,11,8,4,0
63,15,14,13,12,11,8,5,2,1,0
63,15,14,13,12,11,9,7,6,2,0
63,15,14,13,12,11,9,8,6,5,0
63,15,14,13,12,11,9,8,7,5,0
63,15,14,13,12,11,9,8,7,5,3,1,0
63,15,14,13,12,11,9,8,7,5,4,3,2,1,0
63,15,14,13,12,11,9,8,7,6,2,1,0
63,15,14,13,12,11,10,6,5,3,0
63,15,14,13,12,11,10,6,5,4,3,1,0
63,15,14,13,12,11,10,7,6,5,4,2,0
63,15,14,13,12,11,10,8,4,3,2,1,0
63,15,14,13,12,11,10,8,7,6,5,4,3,1,0
63,15,14,13,12,11,10,9,3,1,0
63,15,14,13,12,11,10,9,5,2,0
63,15,14,13,12,11,10,9,7,5,4,2,0
63,15,14,13,12,11,10,9,7,6,5,3,2,1,0
63,15,14,13,12,11,10,9,8,5,0
63,15,14,13,12,11,10,9,8,7,6,5,4,3,0
63,16,5,4,3,2,0
63,16,6,5,3,1,0
63,16,7,2,0
63,16,7,6,3,1,0
63,16,7,6,5,4,2,1,0
63,16,8,4,2,1,0
63,16,8,5,2,1,0
63,16,8,7,5,3,0
63,16,8,7,6,5,4,1,0
63,16,9,5,3,1,0
63,16,9,6,4,1,0
63,16,9,6,5,4,2,1,0
63,16,9,7,4,3,0
63,16,9,7,5,3,0
63,16,9,7,5,3,2,1,0
63,16,9,8,6,5,4,1,0
63,16,9,8,6,5,4,3,0
63,16,10,3,0
63,16,10,6,3,2,0
63,16,10,7,4,1,0
63,16,10,8,6,4,3,1,0
63,16,10,8,7,4,2,1,0
63,16,10,8,7,6,4,3,0
63,16,10,9,3,1,0
63,16,10,9,6,4,2,1,0
63,16,10,9,7,4,3,2,0
63,16,10,9,7,5,2,1,0
63,16,10,9,7,5,3,2,0
63,16,10,9,7,6,0
63,16,10,9,8,2,0
63,16,10,9,8,4,3,1,0
63,16,10,9,8,6,5,2,0
63,16,10,9,8,7,3,2,0
63,16,10,9,8,7,4,3,0
63,16,10,9,8,7,6,5,0
63,16,11,7,0
63,16,11,7,6,5,4,3,0
63,16,11,8,4,3,0
63,16,11,8,6,5,4,3,0
63,16,11,9,3,2,0
63,16,11,9,5,1,0
63,16,11,9,8,6,4,3,0
63,16,11,9,8,6,5,3,2,1,0
63,16,11,9,8,7,5,4,3,2,0
63,16,11,9,8,7,6,4,0
63,16,11,10,5,1,0
63,16,11,10,6,4,2,1,0
63,16,11,10,6,4,3,2,0
63,16,11,10,7,3,2,1,0
63,16,11,10,8,4,2,1,0
63,16,11,10,8,5,4,2,0
63,16,11,10,8,7,6,1,0
63,16,11,10,9,7,5,4,0
63,16,11,10,9,7,6,5,4,2,0
