#
# Binary primitive polynomials of degree 512 in counting order.
# Table is complete for second-highest term <=15.
# Additionally the first few entries for 16 are listed.
#.
# Generated by Joerg Arndt, 2006-September-04
#

512,8,5,2,0
512,8,5,4,2,1,0
512,9,8,6,4,1,0
512,11,10,4,3,2,0
512,11,10,9,8,7,5,1,0
512,12,8,7,6,5,3,1,0
512,12,10,9,4,3,0
512,12,10,9,7,3,0
512,12,10,9,8,3,0
512,12,11,9,7,6,5,2,0
512,12,11,9,8,7,3,1,0
512,12,11,10,7,6,5,2,0
512,12,11,10,8,7,0
512,13,8,7,5,4,3,2,0
512,13,10,9,6,4,2,1,0
512,13,11,9,6,5,4,3,2,1,0
512,13,12,9,7,6,5,2,0
512,13,12,10,6,5,4,3,2,1,0
512,13,12,10,7,6,3,2,0
512,13,12,11,9,5,4,2,0
512,14,9,7,6,5,3,1,0
512,14,11,9,7,5,4,1,0
512,14,11,10,9,6,4,2,0
512,14,12,8,7,6,5,3,0
512,14,12,10,9,7,6,1,0
512,14,12,11,8,7,2,1,0
512,14,12,11,10,4,3,2,0
512,14,13,10,9,8,6,4,3,2,0
512,14,13,12,10,9,6,5,4,1,0
512,15,9,8,7,5,4,3,2,1,0
512,15,9,8,7,6,4,2,0
512,15,10,7,6,4,3,1,0
512,15,11,9,8,7,2,1,0
512,15,11,10,7,6,3,2,0
512,15,11,10,7,6,4,3,0
512,15,11,10,9,8,6,4,2,1,0
512,15,12,10,9,8,7,5,0
512,15,12,11,9,7,4,2,0
512,15,12,11,10,9,8,7,5,1,0
512,15,13,10,8,5,2,1,0
512,15,13,10,8,6,3,2,0
512,15,13,11,8,6,4,2,0
512,15,13,11,10,7,2,1,0
512,15,13,11,10,7,5,4,2,1,0
512,15,13,12,9,7,5,4,0
512,15,13,12,9,8,6,3,0
512,15,13,12,11,7,6,5,4,3,2,1,0
512,15,13,12,11,10,6,5,3,2,0
512,15,13,12,11,10,9,6,4,3,0
512,15,14,8,7,6,5,3,0
512,15,14,10,9,4,3,2,0
512,15,14,10,9,5,4,3,2,1,0
512,15,14,12,10,7,4,3,2,1,0
512,15,14,12,10,9,8,6,5,4,3,1,0
512,15,14,12,10,9,8,7,5,4,3,1,0
512,15,14,12,11,9,7,3,2,1,0
512,15,14,12,11,10,9,8,7,2,0
512,15,14,13,10,5,2,1,0
512,15,14,13,10,9,5,3,0
512,15,14,13,11,4,3,2,0
512,15,14,13,12,10,9,8,7,5,4,2,0
512,15,14,13,12,11,9,6,3,2,0
512,15,14,13,12,11,10,8,6,1,0
512,16,9,7,5,1,0
512,16,10,9,6,5,4,3,0
512,16,10,9,6,5,4,3,2,1,0
512,16,10,9,8,6,5,4,3,2,0
512,16,11,9,7,1,0
512,16,11,10,7,6,5,4,0
512,16,12,10,9,8,6,1,0
512,16,12,11,8,7,6,3,2,1,0
512,16,12,11,10,9,6,5,2,1,0
512,16,12,11,10,9,8,7,3,1,0
512,16,12,11,10,9,8,7,5,4,3,2,0
512,16,13,10,9,2,0
