#
# Binary primitive polynomials of degree 64 in counting order.
# Table is complete for second-highest term <=15.
# Additionally the first few entries for 16 are listed.
#.
# Generated by Joerg Arndt, 2004-October-29
#
64,4,3,1,0
64,4,3,2,0
64,7,6,5,4,2,0
64,8,6,5,4,2,0
64,8,7,5,0
64,8,7,6,4,3,2,1,0
64,9,6,4,0
64,9,7,6,3,1,0
64,9,8,6,2,1,0
64,9,8,7,6,3,0
64,9,8,7,6,3,2,1,0
64,9,8,7,6,5,4,1,0
64,10,5,2,0
64,10,8,5,4,1,0
64,10,9,8,6,5,4,3,0
64,10,9,8,6,5,4,3,2,1,0
64,11,2,1,0
64,11,7,6,5,2,0
64,11,8,5,4,3,0
64,11,8,7,4,1,0
64,11,9,4,0
64,11,9,7,6,4,2,1,0
64,11,9,7,6,5,4,3,0
64,11,10,7,3,1,0
64,11,10,7,5,4,0
64,11,10,9,2,1,0
64,11,10,9,5,1,0
64,11,10,9,8,3,0
64,11,10,9,8,6,5,3,0
64,11,10,9,8,7,4,1,0
64,11,10,9,8,7,6,5,3,1,0
64,12,7,1,0
64,12,7,6,4,1,0
64,12,8,5,4,3,0
64,12,8,7,6,5,3,2,0
64,12,9,7,0
64,12,9,7,5,2,0
64,12,9,7,5,3,2,1,0
64,12,9,7,6,4,3,1,0
64,12,10,9,6,2,0
64,12,10,9,6,3,0
64,12,10,9,6,4,3,1,0
64,12,10,9,7,3,0
64,12,10,9,8,3,0
64,12,10,9,8,6,2,1,0
64,12,10,9,8,6,4,3,2,1,0
64,12,10,9,8,7,2,1,0
64,12,11,8,6,5,4,3,0
64,12,11,9,4,3,2,1,0
64,12,11,9,5,4,0
64,12,11,9,6,3,2,1,0
64,12,11,9,7,6,5,1,0
64,12,11,9,8,6,4,2,0
64,12,11,9,8,7,5,4,3,1,0
64,12,11,10,6,4,3,2,0
64,12,11,10,7,5,4,3,0
64,12,11,10,8,2,0
64,12,11,10,8,6,5,3,2,1,0
64,12,11,10,8,7,2,1,0
64,12,11,10,8,7,6,5,4,2,0
64,12,11,10,9,8,7,1,0
64,12,11,10,9,8,7,6,2,1,0
64,13,5,4,2,1,0
64,13,6,4,2,1,0
64,13,6,5,3,2,0
64,13,8,7,4,2,0
64,13,8,7,6,5,0
64,13,9,7,4,3,0
64,13,9,7,5,4,3,2,0
64,13,9,7,6,5,4,3,2,1,0
64,13,9,8,7,5,3,1,0
64,13,9,8,7,6,3,1,0
64,13,10,6,5,3,2,1,0
64,13,10,6,5,4,0
64,13,10,7,5,4,3,2,0
64,13,10,8,7,5,4,3,2,1,0
64,13,10,9,6,3,0
64,13,10,9,6,5,3,1,0
64,13,10,9,8,5,3,1,0
64,13,11,5,0
64,13,11,6,5,4,3,1,0
64,13,11,7,6,5,4,3,0
64,13,11,8,7,1,0
64,13,11,8,7,6,5,4,0
64,13,11,9,7,5,4,3,0
64,13,11,9,8,6,5,3,2,1,0
64,13,11,9,8,7,5,1,0
64,13,11,10,5,4,0
64,13,11,10,9,5,2,1,0
64,13,11,10,9,8,5,3,2,1,0
64,13,11,10,9,8,6,4,3,2,0
64,13,12,7,5,4,0
64,13,12,7,6,4,0
64,13,12,8,7,6,5,4,0
64,13,12,9,6,5,2,1,0
64,13,12,9,6,5,4,2,0
64,13,12,9,7,6,4,3,0
64,13,12,9,8,4,2,1,0
64,13,12,9,8,6,4,1,0
64,13,12,9,8,7,6,2,0
64,13,12,10,3,1,0
64,13,12,10,6,4,3,2,0
64,13,12,10,8,6,5,3,2,1,0
64,13,12,10,9,6,0
64,13,12,10,9,6,3,1,0
64,13,12,10,9,7,6,4,0
64,13,12,10,9,8,7,6,3,2,0
64,13,12,11,7,1,0
64,13,12,11,8,4,3,1,0
64,13,12,11,8,7,2,1,0
64,13,12,11,9,3,2,1,0
64,13,12,11,9,5,3,2,0
64,13,12,11,9,6,4,3,2,1,0
64,13,12,11,9,7,5,4,3,2,0
64,13,12,11,10,3,2,1,0
64,13,12,11,10,6,2,1,0
64,13,12,11,10,6,5,3,0
64,13,12,11,10,7,6,5,3,1,0
64,13,12,11,10,8,7,5,4,2,0
64,13,12,11,10,9,4,3,0
64,13,12,11,10,9,6,4,0
64,13,12,11,10,9,8,7,5,3,0
64,14,3,2,0
64,14,8,6,5,4,3,2,0
64,14,8,7,6,5,2,1,0
64,14,8,7,6,5,4,1,0
64,14,9,7,4,3,2,1,0
64,14,9,8,5,3,2,1,0
64,14,9,8,6,4,3,1,0
64,14,9,8,7,4,3,1,0
64,14,10,7,5,4,0
64,14,10,7,6,4,3,2,0
64,14,10,8,3,1,0
64,14,10,8,5,3,2,1,0
64,14,10,8,7,5,4,2,0
64,14,10,9,6,4,3,2,0
64,14,10,9,7,6,3,2,0
64,14,10,9,7,6,5,1,0
64,14,10,9,7,6,5,4,3,2,0
64,14,10,9,8,5,4,3,2,1,0
64,14,11,6,5,2,0
64,14,11,7,6,5,4,1,0
64,14,11,9,4,1,0
64,14,11,9,5,2,0
64,14,11,9,6,5,3,2,0
64,14,11,9,7,6,5,4,3,1,0
64,14,11,9,8,7,4,2,0
64,14,11,9,8,7,5,4,3,1,0
64,14,11,10,6,4,2,1,0
64,14,11,10,6,5,2,1,0
64,14,11,10,7,5,2,1,0
64,14,11,10,8,7,2,1,0
64,14,11,10,8,7,5,4,3,2,0
64,14,11,10,8,7,6,3,2,1,0
64,14,11,10,9,4,3,1,0
64,14,11,10,9,5,2,1,0
64,14,11,10,9,6,5,3,0
64,14,11,10,9,7,5,1,0
64,14,11,10,9,7,6,1,0
64,14,11,10,9,8,5,4,2,1,0
64,14,11,10,9,8,6,3,0
64,14,11,10,9,8,7,5,2,1,0
64,14,11,10,9,8,7,6,4,2,0
64,14,11,10,9,8,7,6,4,3,2,1,0
64,14,12,6,3,2,0
64,14,12,7,6,2,0
64,14,12,7,6,5,0
64,14,12,8,5,2,0
64,14,12,8,6,5,3,1,0
64,14,12,8,6,5,3,2,0
64,14,12,9,5,3,2,1,0
64,14,12,9,6,5,4,3,0
64,14,12,9,8,4,3,2,0
64,14,12,9,8,7,6,5,2,1,0
64,14,12,10,5,3,0
64,14,12,10,7,6,3,1,0
64,14,12,10,8,6,4,3,2,1,0
64,14,12,10,9,7,2,1,0
64,14,12,10,9,7,5,4,0
64,14,12,10,9,8,7,4,0
64,14,12,10,9,8,7,5,4,2,0
64,14,12,10,9,8,7,6,5,1,0
64,14,12,10,9,8,7,6,5,4,0
64,14,12,11,8,5,4,2,0
64,14,12,11,8,6,5,3,2,1,0
64,14,12,11,8,7,3,2,0
64,14,12,11,8,7,6,4,3,1,0
64,14,12,11,8,7,6,4,3,2,0
64,14,12,11,9,5,3,1,0
64,14,12,11,9,5,4,3,0
64,14,12,11,9,5,4,3,2,1,0
64,14,12,11,10,5,4,2,0
64,14,12,11,10,6,5,3,0
64,14,12,11,10,7,4,1,0
64,14,12,11,10,8,5,2,0
64,14,12,11,10,8,6,5,4,3,0
64,14,12,11,10,8,7,4,2,1,0
64,14,12,11,10,8,7,5,0
64,14,12,11,10,8,7,5,2,1,0
64,14,12,11,10,8,7,6,5,3,2,1,0
64,14,12,11,10,9,5,4,2,1,0
64,14,12,11,10,9,7,3,0
64,14,12,11,10,9,7,6,5,4,3,2,0
64,14,12,11,10,9,8,4,3,2,0
64,14,12,11,10,9,8,5,4,3,2,1,0
64,14,12,11,10,9,8,7,4,2,0
64,14,13,8,5,3,2,1,0
64,14,13,8,6,5,4,3,2,1,0
64,14,13,8,7,5,3,2,0
64,14,13,8,7,5,4,2,0
64,14,13,9,7,6,5,4,3,2,0
64,14,13,9,8,6,5,3,2,1,0
64,14,13,9,8,7,6,4,3,1,0
64,14,13,10,3,1,0
64,14,13,10,7,6,5,2,0
64,14,13,10,9,7,6,3,0
64,14,13,10,9,7,6,5,4,1,0
64,14,13,10,9,8,6,5,4,2,0
64,14,13,10,9,8,7,5,0
64,14,13,10,9,8,7,5,4,3,2,1,0
64,14,13,10,9,8,7,6,5,2,0
64,14,13,11,4,3,2,1,0
64,14,13,11,6,4,0
64,14,13,11,7,5,4,2,0
64,14,13,11,8,5,3,2,0
64,14,13,11,8,6,5,4,0
64,14,13,11,8,7,5,4,0
64,14,13,11,8,7,6,2,0
64,14,13,11,9,7,5,4,0
64,14,13,11,9,7,5,4,2,1,0
64,14,13,11,9,7,6,5,4,3,0
64,14,13,11,9,8,7,5,4,1,0
64,14,13,11,10,3,0
64,14,13,11,10,5,4,3,2,1,0
64,14,13,11,10,6,4,1,0
64,14,13,11,10,6,5,1,0
64,14,13,11,10,7,0
64,14,13,11,10,7,3,2,0
64,14,13,11,10,7,6,5,4,2,0
64,14,13,11,10,8,5,3,2,1,0
64,14,13,11,10,8,6,4,2,1,0
64,14,13,12,6,2,0
64,14,13,12,7,3,2,1,0
64,14,13,12,7,5,3,1,0
64,14,13,12,8,5,3,2,0
64,14,13,12,9,6,3,2,0
64,14,13,12,9,7,6,4,0
64,14,13,12,9,8,6,5,4,2,0
64,14,13,12,9,8,7,1,0
64,14,13,12,9,8,7,6,5,4,2,1,0
64,14,13,12,10,2,0
64,14,13,12,10,5,3,1,0
64,14,13,12,10,7,6,3,2,1,0
64,14,13,12,10,8,2,1,0
64,14,13,12,10,8,6,3,2,1,0
64,14,13,12,10,8,6,5,4,2,0
64,14,13,12,10,8,7,3,0
64,14,13,12,10,8,7,6,4,3,2,1,0
64,14,13,12,10,8,7,6,5,4,3,1,0
64,14,13,12,10,9,6,3,2,1,0
64,14,13,12,10,9,7,2,0
64,14,13,12,11,7,5,2,0
64,14,13,12,11,7,6,4,3,2,0
64,14,13,12,11,8,4,3,2,1,0
64,14,13,12,11,8,6,5,0
64,14,13,12,11,8,7,5,2,1,0
64,14,13,12,11,9,7,4,3,2,0
64,14,13,12,11,9,7,6,5,1,0
64,14,13,12,11,9,8,7,4,3,2,1,0
64,14,13,12,11,9,8,7,6,1,0
64,14,13,12,11,10,6,1,0
64,14,13,12,11,10,7,6,3,2,0
64,14,13,12,11,10,8,5,3,1,0
64,14,13,12,11,10,8,7,4,1,0
64,14,13,12,11,10,9,8,7,6,4,1,0
64,15,7,5,4,1,0
64,15,8,5,3,1,0
64,15,8,7,6,5,4,3,2,1,0
64,15,9,8,7,3,0
64,15,10,7,6,5,4,3,0
64,15,10,8,6,4,2,1,0
64,15,10,9,7,5,4,3,2,1,0
64,15,10,9,7,6,5,1,0
64,15,10,9,7,6,5,4,2,1,0
64,15,10,9,8,6,5,3,0
64,15,10,9,8,7,5,3,0
64,15,10,9,8,7,5,4,0
64,15,11,5,3,1,0
64,15,11,6,3,2,0
64,15,11,7,5,1,0
64,15,11,7,5,4,0
64,15,11,7,6,4,3,1,0
64,15,11,7,6,4,3,2,0
64,15,11,8,7,6,5,3,2,1,0
64,15,11,9,3,1,0
64,15,11,9,5,4,0
64,15,11,10,8,4,3,1,0
64,15,11,10,8,7,5,4,3,2,0
64,15,11,10,9,7,6,5,0
64,15,11,10,9,7,6,5,4,3,0
64,15,11,10,9,8,0
64,15,11,10,9,8,6,5,3,2,0
64,15,12,5,2,1,0
64,15,12,7,6,4,3,1,0
64,15,12,8,6,2,0
64,15,12,8,6,5,3,1,0
64,15,12,9,5,1,0
64,15,12,10,3,2,0
64,15,12,10,6,1,0
64,15,12,10,7,4,0
64,15,12,10,8,2,0
64,15,12,10,8,5,4,1,0
64,15,12,10,8,5,4,3,2,1,0
64,15,12,10,8,6,5,1,0
64,15,12,10,9,8,4,2,0
64,15,12,10,9,8,7,5,0
64,15,12,10,9,8,7,6,5,1,0
64,15,12,11,6,5,2,1,0
64,15,12,11,8,7,6,5,0
64,15,12,11,8,7,6,5,3,2,0
64,15,12,11,9,5,4,2,0
64,15,12,11,9,8,4,1,0
64,15,12,11,9,8,6,4,0
64,15,12,11,10,7,6,5,4,1,0
64,15,12,11,10,8,6,5,4,2,0
64,15,12,11,10,9,2,1,0
64,15,12,11,10,9,7,3,2,1,0
64,15,12,11,10,9,7,6,5,1,0
64,15,12,11,10,9,7,6,5,3,0
64,15,12,11,10,9,7,6,5,4,0
64,15,12,11,10,9,8,1,0
64,15,12,11,10,9,8,5,2,1,0
64,15,12,11,10,9,8,5,4,3,2,1,0
64,15,12,11,10,9,8,6,3,2,0
64,15,12,11,10,9,8,7,5,4,2,1,0
64,15,13,6,5,3,2,1,0
64,15,13,6,5,4,2,1,0
64,15,13,7,6,4,0
64,15,13,8,4,3,2,1,0
64,15,13,8,5,4,3,1,0
64,15,13,9,6,1,0
64,15,13,9,7,6,3,1,0
64,15,13,9,8,4,3,1,0
64,15,13,9,8,7,2,1,0
64,15,13,9,8,7,6,1,0
64,15,13,10,6,5,4,2,0
64,15,13,10,8,5,2,1,0
64,15,13,10,8,5,4,1,0
64,15,13,10,8,6,5,1,0
64,15,13,10,9,8,6,4,2,1,0
64,15,13,10,9,8,6,5,4,3,0
64,15,13,10,9,8,7,5,4,1,0
64,15,13,11,5,3,0
64,15,13,11,6,3,0
64,15,13,11,7,5,4,2,0
64,15,13,11,7,6,5,3,2,1,0
64,15,13,11,8,7,5,1,0
64,15,13,11,8,7,6,3,2,1,0
64,15,13,11,9,3,0
64,15,13,11,9,7,6,4,0
64,15,13,11,9,8,7,6,3,1,0
64,15,13,11,10,8,4,1,0
64,15,13,11,10,8,6,5,2,1,0
64,15,13,11,10,8,7,2,0
64,15,13,11,10,8,7,5,2,1,0
64,15,13,11,10,8,7,6,4,3,0
64,15,13,11,10,9,6,5,4,3,0
64,15,13,11,10,9,7,4,2,1,0
64,15,13,11,10,9,7,6,5,2,0
64,15,13,11,10,9,8,4,0
64,15,13,11,10,9,8,5,3,1,0
64,15,13,11,10,9,8,7,5,2,0
64,15,13,11,10,9,8,7,6,1,0
64,15,13,12,6,2,0
64,15,13,12,7,5,3,1,0
64,15,13,12,7,6,4,3,0
64,15,13,12,8,7,3,2,0
64,15,13,12,9,7,6,1,0
64,15,13,12,9,8,0
64,15,13,12,9,8,6,5,0
64,15,13,12,9,8,7,6,2,1,0
64,15,13,12,10,5,4,3,2,1,0
64,15,13,12,10,8,7,5,3,1,0
64,15,13,12,10,9,7,5,2,1,0
64,15,13,12,10,9,8,2,0
64,15,13,12,10,9,8,7,5,4,3,1,0
64,15,13,12,11,2,0
64,15,13,12,11,6,5,3,0
64,15,13,12,11,7,3,2,0
64,15,13,12,11,7,4,3,2,1,0
64,15,13,12,11,7,6,4,2,1,0
64,15,13,12,11,8,7,6,5,1,0
64,15,13,12,11,9,5,4,3,1,0
64,15,13,12,11,9,6,5,3,2,0
64,15,13,12,11,9,7,6,4,3,2,1,0
64,15,13,12,11,9,8,2,0
64,15,13,12,11,9,8,4,3,1,0
64,15,13,12,11,9,8,5,0
64,15,13,12,11,10,7,5,3,2,0
64,15,13,12,11,10,9,5,3,1,0
64,15,13,12,11,10,9,6,5,4,3,1,0
64,15,13,12,11,10,9,7,5,4,0
64,15,13,12,11,10,9,7,6,5,4,1,0
64,15,13,12,11,10,9,8,2,1,0
64,15,13,12,11,10,9,8,3,1,0
64,15,14,6,5,4,3,1,0
64,15,14,9,3,2,0
64,15,14,9,6,3,2,1,0
64,15,14,9,6,5,0
64,15,14,9,8,1,0
64,15,14,9,8,4,3,1,0
64,15,14,9,8,7,4,3,0
64,15,14,9,8,7,6,4,0
64,15,14,9,8,7,6,5,4,3,2,1,0
64,15,14,10,6,5,3,2,0
64,15,14,10,7,6,4,2,0
64,15,14,10,7,6,5,4,3,1,0
64,15,14,10,8,5,3,2,0
64,15,14,10,8,7,5,1,0
64,15,14,10,8,7,5,4,3,2,0
64,15,14,10,9,6,4,3,2,1,0
64,15,14,10,9,8,3,2,0
64,15,14,10,9,8,5,4,3,2,0
64,15,14,10,9,8,6,5,4,1,0
64,15,14,10,9,8,7,5,2,1,0
64,15,14,10,9,8,7,6,4,2,0
64,15,14,11,7,5,3,2,0
64,15,14,11,7,6,5,3,0
64,15,14,11,7,6,5,4,3,2,0
64,15,14,11,8,4,3,2,0
64,15,14,11,8,6,4,3,0
64,15,14,11,8,7,6,2,0
64,15,14,11,8,7,6,5,3,1,0
64,15,14,11,9,7,6,5,4,1,0
64,15,14,11,9,8,4,2,0
64,15,14,11,9,8,7,5,3,1,0
64,15,14,11,10,2,0
64,15,14,11,10,6,4,3,0
64,15,14,11,10,6,5,4,2,1,0
64,15,14,11,10,7,5,4,3,2,0
64,15,14,11,10,7,6,5,4,2,0
64,15,14,11,10,8,7,6,3,2,0
64,15,14,11,10,8,7,6,4,2,0
64,15,14,11,10,8,7,6,5,1,0
64,15,14,11,10,9,5,4,2,1,0
64,15,14,11,10,9,6,5,2,1,0
64,15,14,11,10,9,7,6,5,3,2,1,0
64,15,14,11,10,9,8,7,5,4,0
64,15,14,11,10,9,8,7,6,4,3,2,0
64,15,14,12,7,6,4,2,0
64,15,14,12,8,6,5,3,2,1,0
64,15,14,12,8,7,6,5,4,3,2,1,0
64,15,14,12,9,5,2,1,0
64,15,14,12,9,5,4,2,0
64,15,14,12,9,6,5,3,2,1,0
64,15,14,12,9,7,0
64,15,14,12,9,7,5,4,3,1,0
64,15,14,12,9,7,6,3,2,1,0
64,15,14,12,9,7,6,4,2,1,0
64,15,14,12,9,7,6,5,4,3,2,1,0
64,15,14,12,9,8,6,3,0
64,15,14,12,9,8,6,5,3,2,0
64,15,14,12,10,3,0
64,15,14,12,10,4,2,1,0
64,15,14,12,10,6,4,3,2,1,0
64,15,14,12,10,8,7,6,4,3,0
64,15,14,12,10,9,8,4,0
64,15,14,12,11,7,6,4,2,1,0
64,15,14,12,11,8,4,3,0
64,15,14,12,11,8,7,2,0
64,15,14,12,11,9,7,6,4,3,2,1,0
64,15,14,12,11,9,8,5,2,1,0
64,15,14,12,11,9,8,7,5,1,0
64,15,14,12,11,9,8,7,6,5,3,1,0
64,15,14,12,11,10,7,1,0
64,15,14,12,11,10,7,5,3,2,0
64,15,14,12,11,10,8,2,0
64,15,14,12,11,10,8,4,3,2,0
64,15,14,12,11,10,8,5,4,1,0
64,15,14,12,11,10,8,7,6,4,3,2,0
64,15,14,12,11,10,9,6,5,3,0
64,15,14,12,11,10,9,6,5,4,2,1,0
64,15,14,12,11,10,9,7,6,5,3,1,0
64,15,14,13,6,5,4,3,0
64,15,14,13,8,3,0
64,15,14,13,8,5,3,2,0
64,15,14,13,8,7,0
64,15,14,13,8,7,5,4,0
64,15,14,13,8,7,6,5,3,1,0
64,15,14,13,9,7,5,3,2,1,0
64,15,14,13,9,7,6,5,4,3,0
64,15,14,13,9,8,6,5,4,2,0
64,15,14,13,9,8,7,5,3,2,0
64,15,14,13,9,8,7,6,5,4,0
64,15,14,13,10,1,0
64,15,14,13,10,6,5,3,2,1,0
64,15,14,13,10,7,5,4,0
64,15,14,13,10,8,5,2,0
64,15,14,13,10,8,7,4,2,1,0
64,15,14,13,10,9,5,4,3,2,0
64,15,14,13,10,9,7,6,4,1,0
64,15,14,13,10,9,7,6,4,2,0
64,15,14,13,10,9,7,6,5,2,0
64,15,14,13,10,9,8,4,0
64,15,14,13,10,9,8,6,5,4,0
64,15,14,13,10,9,8,6,5,4,3,2,0
64,15,14,13,10,9,8,7,6,4,3,1,0
64,15,14,13,11,8,6,5,4,1,0
64,15,14,13,11,8,7,6,5,4,3,2,0
64,15,14,13,11,9,7,3,2,1,0
64,15,14,13,11,9,7,6,0
64,15,14,13,11,9,7,6,5,3,2,1,0
64,15,14,13,11,9,8,5,4,3,0
64,15,14,13,11,9,8,7,6,5,0
64,15,14,13,11,10,5,3,2,1,0
64,15,14,13,11,10,8,7,2,1,0
64,15,14,13,11,10,8,7,6,5,4,3,2,1,0
64,15,14,13,11,10,9,1,0
64,15,14,13,11,10,9,7,5,4,3,2,0
64,15,14,13,12,5,3,2,0
64,15,14,13,12,6,0
64,15,14,13,12,6,2,1,0
64,15,14,13,12,7,5,3,2,1,0
64,15,14,13,12,7,6,3,2,1,0
64,15,14,13,12,8,6,5,0
64,15,14,13,12,8,6,5,2,1,0
64,15,14,13,12,8,7,1,0
64,15,14,13,12,8,7,4,3,1,0
64,15,14,13,12,9,7,6,4,3,0
64,15,14,13,12,9,8,7,2,1,0
64,15,14,13,12,9,8,7,6,4,0
64,15,14,13,12,9,8,7,6,5,4,3,2,1,0
64,15,14,13,12,10,3,2,0
64,15,14,13,12,10,5,1,0
64,15,14,13,12,10,9,6,5,3,2,1,0
64,15,14,13,12,10,9,6,5,4,0
64,15,14,13,12,10,9,8,4,1,0
64,15,14,13,12,10,9,8,7,4,3,1,0
64,15,14,13,12,10,9,8,7,6,5,4,2,1,0
64,15,14,13,12,11,5,2,0
64,15,14,13,12,11,5,4,3,1,0
64,15,14,13,12,11,8,5,3,2,0
64,15,14,13,12,11,9,6,3,1,0
64,15,14,13,12,11,10,9,8,5,0
64,16,7,3,2,1,0
64,16,7,6,5,4,2,1,0
64,16,8,6,3,2,0
64,16,8,6,4,3,2,1,0
64,16,8,7,2,1,0
64,16,9,5,2,1,0
64,16,9,6,3,1,0
64,16,9,6,5,3,2,1,0
64,16,9,7,6,5,2,1,0
64,16,10,6,5,4,2,1,0
64,16,10,6,5,4,3,2,0
64,16,10,7,6,4,3,1,0
64,16,10,8,6,5,4,3,0
64,16,10,8,7,5,4,1,0
64,16,10,9,5,1,0
64,16,10,9,5,4,2,1,0
64,16,10,9,7,5,3,2,0
64,16,10,9,7,5,4,2,0
64,16,10,9,7,6,4,3,2,1,0
64,16,10,9,7,6,5,4,2,1,0
64,16,10,9,8,7,5,1,0
64,16,10,9,8,7,6,3,0
64,16,10,9,8,7,6,5,4,3,2,1,0
64,16,11,7,6,5,4,3,0
64,16,11,8,5,4,3,1,0
64,16,11,8,6,3,0
64,16,11,8,6,5,2,1,0
64,16,11,9,5,3,0
64,16,11,9,6,5,3,1,0
64,16,11,9,6,5,4,1,0
64,16,11,9,7,6,5,3,0
64,16,11,9,8,4,0
64,16,11,9,8,7,4,2,0
64,16,11,10,5,4,0
64,16,11,10,6,5,2,1,0
64,16,11,10,7,6,5,4,0
64,16,11,10,8,6,3,1,0
64,16,11,10,8,7,6,5,4,1,0
64,16,11,10,9,5,0
64,16,11,10,9,6,5,1,0
64,16,11,10,9,8,7,3,0
64,16,12,7,4,2,0
64,16,12,8,7,6,5,4,3,1,0
64,16,12,9,7,4,3,1,0
64,16,12,9,8,6,0
64,16,12,10,8,7,5,1,0
64,16,12,10,8,7,6,4,3,1,0
64,16,12,10,9,6,2,1,0
64,16,12,10,9,7,4,1,0
64,16,12,10,9,8,4,3,2,1,0
64,16,12,10,9,8,6,1,0
64,16,12,10,9,8,6,2,0
64,16,12,10,9,8,6,5,4,2,0
64,16,12,11,7,2,0
64,16,12,11,8,7,5,4,0
64,16,12,11,8,7,6,3,2,1,0
64,16,12,11,9,7,6,1,0
64,16,12,11,9,8,4,3,0
64,16,12,11,9,8,6,3,0
64,16,12,11,10,1,0
64,16,12,11,10,8,6,5,4,3,2,1,0
64,16,12,11,10,8,7,5,4,2,0
64,16,12,11,10,8,7,6,3,2,0
64,16,12,11,10,8,7,6,4,3,0
64,16,12,11,10,8,7,6,5,4,2,1,0
64,16,12,11,10,9,2,1,0
64,16,12,11,10,9,6,5,4,2,0
64,16,12,11,10,9,7,6,5,2,0
64,16,12,11,10,9,8,5,3,2,0
64,16,12,11,10,9,8,7,5,4,3,2,0
64,16,12,11,10,9,8,7,6,1,0
64,16,13,3,0
64,16,13,6,5,3,2,1,0
64,16,13,7,5,3,0
64,16,13,7,5,4,3,1,0
64,16,13,8,7,5,4,1,0
64,16,13,8,7,6,5,4,2,1,0
64,16,13,9,7,3,0
64,16,13,9,8,5,4,3,0
64,16,13,9,8,7,5,4,0
64,16,13,10,7,6,4,1,0
64,16,13,10,8,3,2,1,0
64,16,13,10,8,4,3,1,0
64,16,13,10,8,6,5,4,3,1,0
64,16,13,10,9,8,5,4,3,1,0
64,16,13,10,9,8,7,1,0
64,16,13,10,9,8,7,6,3,1,0
64,16,13,10,9,8,7,6,5,4,0
64,16,13,11,6,5,0
64,16,13,11,7,5,3,1,0
64,16,13,11,7,5,3,2,0
64,16,13,11,7,5,4,3,0
64,16,13,11,7,6,2,1,0
64,16,13,11,7,6,5,4,2,1,0
64,16,13,11,8,7,6,5,2,1,0
64,16,13,11,9,4,3,2,0
64,16,13,11,9,5,2,1,0
64,16,13,11,9,5,3,1,0
64,16,13,11,9,6,5,3,2,1,0
64,16,13,11,9,7,3,2,0
64,16,13,11,9,8,7,2,0
64,16,13,11,10,7,5,3,2,1,0
64,16,13,11,10,8,6,5,2,1,0
64,16,13,11,10,8,7,4,3,2,0
64,16,13,11,10,9,4,2,0
64,16,13,11,10,9,6,5,4,3,2,1,0
64,16,13,11,10,9,8,4,0
64,16,13,11,10,9,8,5,0
64,16,13,11,10,9,8,7,4,1,0
64,16,13,11,10,9,8,7,5,4,2,1,0
64,16,13,12,8,3,2,1,0
64,16,13,12,8,4,3,2,0
64,16,13,12,8,7,6,5,3,2,0
64,16,13,12,9,6,4,3,0
