# Odd composite n<2^32 which are strong pseudoprimes to both bases 2, and 3.
# There are 104 entries in the list.
# Modulo 12 the distribution is:
#    n%12  num
#     1     75
#     5      9
#     7     18
#    11      2
#.
# Generated by Joerg Arndt, 2006-December-03
#
1373653
1530787
1987021
2284453
3116107
5173601
6787327
11541307
13694761
15978007
16070429
16879501
25326001
27509653
27664033
28527049
54029741
61832377
66096253
74927161
80375707
101649241
102690677
104852881
105919633
106485121
117987841
143168581
154287451
161304001
193949641
206304961
218642029
223625851
247318957
252853921
259765747
275619961
314184487
326695141
390612221
393611653
489994201
540654409
572228929
579606301
581618143
682528687
717653129
745745461
787085857
846961321
871157233
927106561
938376181
960946321
979363153
981484561
1028494429
1157839381
1168256953
1236313501
1463178817
1481626513
1518290707
1521221473
1538012449
1638294661
1854940231
1856689453
1860373241
1909566073
1921309633
1991063449
1995830761
2057835781
2117555641
2217879901
2284660351
2311558021
2323147201
2412172153
2431144801
2626783921
2693739751
2736316301
2781117721
2837917633
3028586471
3056100623
3215031751
3299246833
3344191241
3407772817
3513604657
3697278427
3708905341
3863326897
3867183937
4060942381
4079665633
4117447441
4275011401
4277526901
