#
# 100 'random' degree-32 binary primitive polynomials
#.
# Generated by Joerg Arndt, 2005-February-12
#
32,31,28,27,25,22,21,20,18,13,12,11,10,9,8,7,4,1,0
32,31,26,24,22,21,18,11,10,8,7,6,5,3,2,1,0
32,31,29,27,26,24,23,20,15,14,12,10,9,8,6,5,4,3,2,1,0
32,31,30,29,28,26,24,23,20,17,15,12,11,10,4,2,0
32,31,30,27,25,24,22,21,19,18,13,10,9,8,6,1,0
32,31,30,26,24,23,22,20,19,18,17,16,14,10,9,7,4,3,2,1,0
32,31,29,28,27,26,23,21,19,18,17,15,12,10,8,7,5,4,0
32,31,27,26,25,24,23,21,19,16,15,12,11,8,7,6,5,3,0
32,31,30,28,27,25,24,20,19,16,15,14,13,12,10,9,8,7,6,3,0
32,31,30,26,25,24,21,19,18,14,13,12,6,5,0
32,31,30,29,28,27,26,24,22,21,19,18,17,14,10,8,2,1,0
32,31,29,28,26,25,24,22,21,13,11,9,8,5,0
32,31,30,29,28,26,24,21,20,18,16,15,14,13,12,11,10,7,6,5,4,3,2,1,0
32,31,29,28,27,26,24,23,21,18,17,16,15,13,11,10,6,5,4,3,2,1,0
32,31,28,27,24,23,22,20,19,17,16,14,12,8,3,1,0
32,31,30,26,24,23,22,20,17,16,14,13,12,11,8,7,6,4,3,1,0
32,31,30,29,28,26,22,21,19,18,17,16,15,13,11,10,8,7,6,5,4,1,0
32,31,30,27,26,23,22,20,19,18,11,10,9,7,6,5,4,3,0
32,31,29,28,27,24,23,13,11,10,9,8,7,5,4,1,0
32,31,29,27,22,21,15,14,8,7,4,1,0
32,31,27,18,14,13,12,11,10,6,3,1,0
32,31,30,25,24,23,22,17,16,11,8,6,4,1,0
32,31,30,28,27,22,20,18,17,13,12,9,7,6,4,3,0
32,31,30,29,28,22,20,19,17,15,14,13,8,7,6,2,0
32,31,29,27,23,22,20,19,16,13,12,9,8,7,4,2,0
32,31,30,27,21,20,18,17,15,14,12,11,10,7,4,3,2,1,0
32,31,30,28,27,26,24,21,17,15,14,12,9,7,2,1,0
32,31,26,25,23,22,21,19,17,16,12,9,8,2,0
32,31,29,28,27,21,20,19,16,14,12,9,8,7,6,2,0
32,31,30,27,26,25,23,20,19,18,17,16,13,12,11,10,7,6,4,1,0
32,31,30,26,20,19,18,17,15,13,11,5,4,3,0
32,31,29,27,26,25,24,23,22,20,17,14,10,8,3,2,0
32,31,30,28,24,23,18,16,15,14,13,11,6,5,4,3,2,1,0
32,31,29,27,21,20,19,18,14,12,10,9,8,7,6,3,2,1,0
32,31,30,29,28,27,26,25,23,20,12,11,9,6,5,4,0
32,31,28,26,25,24,22,17,10,9,5,4,3,1,0
32,31,30,28,25,24,22,21,20,16,15,14,13,10,9,7,6,4,2,1,0
32,31,29,28,24,23,20,19,16,15,14,13,10,8,6,5,3,2,0
32,31,30,29,28,24,23,20,19,18,17,16,10,9,8,7,3,2,0
32,31,28,27,26,25,22,21,13,12,11,10,8,7,6,3,2,1,0
32,31,30,28,22,20,19,18,16,13,12,9,8,7,6,3,2,1,0
32,31,30,28,23,16,14,12,11,9,8,6,5,4,3,2,0
32,31,30,29,24,22,21,20,14,12,10,9,8,3,2,1,0
32,31,30,25,24,23,20,19,18,13,12,2,0
32,31,30,27,26,23,21,16,15,13,10,9,8,7,2,1,0
32,31,28,26,25,21,20,19,18,17,16,15,14,13,10,9,8,6,5,1,0
32,31,30,28,25,24,22,21,20,16,15,13,11,9,7,4,2,1,0
32,31,28,24,21,20,19,12,11,10,9,8,7,4,3,2,0
32,31,27,25,24,18,16,15,13,10,5,4,3,1,0
32,31,28,23,21,17,10,5,3,1,0
32,31,29,28,26,23,20,19,15,12,11,10,8,7,6,5,4,2,0
32,31,30,27,19,17,15,11,10,7,5,4,3,1,0
32,31,28,27,24,23,22,21,20,18,17,16,15,14,12,11,9,5,4,2,0
32,31,30,29,26,25,22,20,17,13,10,5,3,1,0
32,31,28,26,25,24,22,21,20,18,14,13,11,10,9,8,3,1,0
32,31,29,26,25,23,22,17,14,12,8,7,6,2,0
32,31,27,26,25,24,23,21,15,12,10,9,5,4,3,2,0
32,31,29,28,27,22,21,19,15,12,11,9,5,4,3,1,0
32,31,29,28,25,24,21,20,19,17,16,14,13,12,9,8,7,4,3,2,0
32,31,30,27,26,24,23,20,19,18,17,9,8,7,0
32,31,29,27,26,24,20,19,17,13,10,9,8,6,5,3,0
32,31,28,27,26,24,23,22,20,18,17,16,13,12,11,8,7,5,4,3,2,1,0
32,31,30,29,28,27,26,24,23,22,20,19,15,13,5,3,2,1,0
32,31,29,21,19,18,15,12,11,10,8,7,3,1,0
32,31,28,27,26,25,23,22,21,20,17,14,12,11,9,4,3,2,0
32,31,30,29,28,24,23,21,17,16,15,13,9,8,7,6,4,3,2,1,0
32,31,30,28,27,26,25,23,20,19,18,16,15,12,6,4,3,1,0
32,31,24,22,21,19,18,17,15,14,13,12,11,10,9,4,3,1,0
32,31,27,25,22,20,16,15,14,12,10,8,6,5,2,1,0
32,31,28,25,24,23,22,20,19,18,17,16,15,14,13,11,5,3,2,1,0
32,31,29,28,24,20,19,16,15,9,8,7,2,1,0
32,31,30,25,24,23,22,20,17,13,11,10,8,6,5,1,0
32,31,29,23,21,17,15,14,13,12,11,10,9,8,6,5,3,1,0
32,31,29,26,24,22,21,20,18,17,16,14,13,9,8,5,3,1,0
32,31,29,28,27,26,25,24,21,20,18,15,14,13,11,9,8,5,4,1,0
32,31,28,27,26,25,23,20,12,10,9,8,7,6,5,4,0
32,31,28,27,25,23,20,16,14,13,10,9,8,7,6,5,4,2,0
32,31,28,27,25,22,21,20,19,16,14,12,10,8,5,4,2,1,0
32,31,30,29,25,24,21,20,19,14,13,11,10,8,5,2,0
32,31,29,22,20,18,17,16,14,12,11,9,7,5,4,3,2,1,0
32,31,27,26,24,21,20,19,18,17,15,14,13,12,8,5,4,3,2,1,0
32,31,29,28,27,24,21,20,19,17,13,8,5,4,0
32,31,30,28,27,26,25,24,23,22,19,16,15,13,12,11,9,7,6,4,3,1,0
32,31,29,27,23,22,19,9,8,7,6,4,0
32,31,30,29,24,23,22,21,16,14,13,10,9,7,4,1,0
32,31,30,24,19,16,15,14,13,10,9,6,2,1,0
32,31,30,26,24,23,22,17,16,15,14,13,12,11,9,8,7,2,0
32,31,30,28,26,25,24,23,21,12,11,10,7,4,0
32,31,30,28,27,24,15,10,9,7,6,3,0
32,31,29,27,26,24,23,21,19,18,17,13,10,7,4,3,0
32,31,30,27,24,23,21,20,14,12,11,9,6,5,4,3,0
32,31,27,26,25,23,20,18,15,13,5,4,0
32,31,27,26,25,23,22,21,17,12,9,8,7,3,0
32,31,28,27,26,23,19,18,16,15,11,10,8,7,6,5,4,3,2,1,0
32,31,29,28,27,25,24,23,22,20,14,11,9,6,3,1,0
32,31,30,28,21,20,18,17,16,12,10,9,8,7,3,1,0
32,31,30,29,28,26,24,23,21,16,14,10,6,5,3,2,0
32,31,29,27,23,19,18,17,15,14,11,10,9,7,6,5,0
32,31,30,29,28,27,23,22,21,20,19,18,15,12,11,10,6,5,4,2,0
32,31,29,27,26,25,24,22,21,20,19,10,9,8,7,4,3,2,0
