# Aperiodic sums of roots of unity that are zero.
# Format:
# k: [bit-string] n [subset]
# k is the rank of the necklace in lex order
# (starting with k=1 for the all-zero word),
# n is the length of the necklace.
#
# For example, the line
#   6:  ...11..1..11  12    0 1 4 7 8
# says that Z:=w^0+w^1+w^4+w^7+w^8==0  where  w := exp(2*Pi*I/12)
#
# Such sums Z exist for the following n:
# n:       1, 12, 18, 20,  24, 28,  30,   36,    40,    42,    44,   45,
# numof(Z) 1,  2, 24,  6, 236, 18, 3768, 20384, 7188, 227784, 186, 481732448,
# The list is complete for 1<n<28,
# and contains the first and last few Z for n=30 and n=36.
#
#.
# Generated by Joerg Arndt, 2009-August-31
#


   6:  ...11..1..11  12    0 1 4 7 8
  12:  ..11.11..111  12    0 1 2 5 6 8 9

   8:  .....1.1...1....11  18    0 1 6 10 12
  10:  .....11....1...1.1  18    0 2 6 11 12
  12:  .....111...1...111  18    0 1 2 6 10 11 12
  17:  ....1.1.1.1....111  18    0 1 2 7 9 11 13
  21:  ....11..1.1...1.11  18    0 1 3 7 9 12 13
  22:  ....11.1...1.1..11  18    0 1 4 6 10 12 13
  24:  ....111...11...111  18    0 1 2 6 7 11 12 13
  26:  ....111.1.1...1111  18    0 1 2 3 7 9 11 12 13
  27:  ....1111...1.1.111  18    0 1 2 4 6 10 11 12 13
  34:  ...1.1.1...11...11  18    0 1 5 6 10 12 14
  35:  ...1.1.1.1.1...111  18    0 1 2 6 8 10 12 14
  38:  ...1.111...11..111  18    0 1 2 5 6 10 11 12 14
  42:  ...11.1.1.1.1..111  18    0 1 2 5 7 9 11 13 14
  46:  ...111..1.1.1.1.11  18    0 1 3 5 7 9 12 13 14
  47:  ...111..11...111.1  18    0 2 3 4 8 9 12 13 14
  48:  ...111..111...1111  18    0 1 2 3 7 8 9 12 13 14
  49:  ...111.1.1.1.1.111  18    0 1 2 4 6 8 10 12 13 14
  51:  ...111.111...11111  18    0 1 2 3 4 8 9 10 12 13 14
  53:  ...1111.1.1.1.1111  18    0 1 2 3 5 7 9 11 12 13 14
  65:  ..1.111.1.11..1111  18    0 1 2 3 6 7 9 11 12 13 15
  70:  ..11.1.111.1..1111  18    0 1 2 3 6 8 9 10 12 14 15
  73:  ..111..111.1.1.111  18    0 1 2 4 6 8 9 10 13 14 15
  78:  ..1111.111.1.11111  18    0 1 2 3 4 6 8 9 10 12 13 14 15
  80:  ..11111.1.111.1111  18    0 1 2 3 5 6 7 9 11 12 13 14 15

  36:  ...1...11..1...1..11  20    0 1 4 8 11 12 16
  41:  ...1..111..1...11.11  20    0 1 3 4 8 11 12 13 16
  52:  ...11..11..1..11..11  20    0 1 4 5 8 11 12 15 16
  57:  ...11.111..1..111.11  20    0 1 3 4 5 8 11 12 13 15 16
  85:  ..11..11.11..11..111  20    0 1 2 5 6 9 10 12 13 16 17
  91:  ..11.111.11..111.111  20    0 1 2 4 5 6 9 10 12 13 14 16 17

  12:  .......1..1....1......11  24    0 1 8 13 16
  14:  .......1.1.....1.....1.1  24    0 2 8 14 16
  16:  .......1.11....1.....111  24    0 1 2 8 13 14 16
  18:  .......11......1....1..1  24    0 3 8 15 16
  20:  .......11.1....1....1.11  24    0 1 3 8 13 15 16
  22:  .......111.....1....11.1  24    0 2 3 8 14 15 16
  24:  .......1111....1....1111  24    0 1 2 3 8 13 14 15 16
  29:  ......1..1.1..1......111  24    0 1 2 9 12 14 17
  32:  ......1.1..1..1.....1.11  24    0 1 3 9 12 15 17
  35:  ......1.11.1..1.....1111  24    0 1 2 3 9 12 14 15 17
  39:  ......11...1..1....1..11  24    0 1 4 9 12 16 17
  40:  ......11..1....1..1...11  24    0 1 5 8 13 16 17
  42:  ......11.1.....1..1..1.1  24    0 2 5 8 14 16 17
  43:  ......11.1....11.....111  24    0 1 2 8 9 14 16 17
  45:  ......11.1.1..1....1.111  24    0 1 2 4 9 12 14 16 17
  46:  ......11.11....1..1..111  24    0 1 2 5 8 13 14 16 17
  48:  ......111.....11....1.11  24    0 1 3 8 9 15 16 17
  50:  ......111..1..1....11.11  24    0 1 3 4 9 12 15 16 17
  51:  ......111.1....1..1.1.11  24    0 1 3 5 8 13 15 16 17
  53:  ......1111.....1..1.11.1  24    0 2 3 5 8 14 15 16 17
  54:  ......1111....11....1111  24    0 1 2 3 8 9 14 15 16 17
  56:  ......1111.1..1....11111  24    0 1 2 3 4 9 12 14 15 16 17
  57:  ......11111....1..1.1111  24    0 1 2 3 5 8 13 14 15 16 17
  69:  .....1.1...1.1.....1.1.1  24    0 2 4 10 12 16 18
  70:  .....1.1..1....1.1....11  24    0 1 6 8 13 16 18
  71:  .....1.1..1..1.1.....111  24    0 1 2 8 10 13 16 18
  73:  .....1.1..11.1.....1.111  24    0 1 2 4 10 12 13 16 18
  75:  .....1.1.11....1.1...111  24    0 1 2 6 8 13 14 16 18
  77:  .....1.11....1.1....11.1  24    0 2 3 8 10 15 16 18
  79:  .....1.11..1.1.....111.1  24    0 2 3 4 10 12 15 16 18
  80:  .....1.11.1....1.1..1.11  24    0 1 3 6 8 13 15 16 18
  81:  .....1.11.1..1.1....1111  24    0 1 2 3 8 10 13 15 16 18
  83:  .....1.11.11.1.....11111  24    0 1 2 3 4 10 12 13 15 16 18
  85:  .....1.1111....1.1..1111  24    0 1 2 3 6 8 13 14 15 16 18
  88:  .....11....1..1..1....11  24    0 1 6 9 12 17 18
  89:  .....11....1.1....1..1.1  24    0 2 5 10 12 17 18
  91:  .....11...11.1....1..111  24    0 1 2 5 10 12 13 17 18
  93:  .....11..1.1..1..1...111  24    0 1 2 6 9 12 14 17 18
  96:  .....11.1..1..1..1..1.11  24    0 1 3 6 9 12 15 17 18
  97:  .....11.1..1.1....1.11.1  24    0 2 3 5 10 12 15 17 18
  98:  .....11.1..1.11.....1111  24    0 1 2 3 9 10 12 15 17 18
 100:  .....11.1.11.1....1.1111  24    0 1 2 3 5 10 12 13 15 17 18
 102:  .....11.11.1..1..1..1111  24    0 1 2 3 6 9 12 14 15 17 18
 106:  .....111...1..1..1.1..11  24    0 1 4 6 9 12 16 17 18
 107:  .....111...1.1....11.1.1  24    0 2 4 5 10 12 16 17 18
 108:  .....111...1.11....1.111  24    0 1 2 4 9 10 12 16 17 18
 109:  .....111..1....1.11...11  24    0 1 5 6 8 13 16 17 18
 110:  .....111..1..1.1..1..111  24    0 1 2 5 8 10 13 16 17 18
 112:  .....111..11.1....11.111  24    0 1 2 4 5 10 12 13 16 17 18
 113:  .....111.1....11.1...111  24    0 1 2 6 8 9 14 16 17 18
 115:  .....111.1.1..1..1.1.111  24    0 1 2 4 6 9 12 14 16 17 18
 116:  .....111.11....1.11..111  24    0 1 2 5 6 8 13 14 16 17 18
 118:  .....1111....1.1..1.11.1  24    0 2 3 5 8 10 15 16 17 18
 119:  .....1111....111....1111  24    0 1 2 3 8 9 10 15 16 17 18
 121:  .....1111..1..1..1.11.11  24    0 1 3 4 6 9 12 15 16 17 18
 122:  .....1111..1.1....1111.1  24    0 2 3 4 5 10 12 15 16 17 18
 123:  .....1111..1.11....11111  24    0 1 2 3 4 9 10 12 15 16 17 18
 124:  .....1111.1....1.11.1.11  24    0 1 3 5 6 8 13 15 16 17 18
 125:  .....1111.1..1.1..1.1111  24    0 1 2 3 5 8 10 13 15 16 17 18
 127:  .....1111.11.1....111111  24    0 1 2 3 4 5 10 12 13 15 16 17 18
 128:  .....11111....11.1..1111  24    0 1 2 3 6 8 9 14 15 16 17 18
 130:  .....11111.1..1..1.11111  24    0 1 2 3 4 6 9 12 14 15 16 17 18
 131:  .....111111....1.11.1111  24    0 1 2 3 5 6 8 13 14 15 16 17 18
 141:  ....1..1..1.1..1....1.11  24    0 1 3 8 11 13 16 19
 143:  ....1..1.1..1..1....11.1  24    0 2 3 8 11 14 16 19
 145:  ....1..1.11....11....111  24    0 1 2 7 8 13 14 16 19
 146:  ....1..1.11.1..1....1111  24    0 1 2 3 8 11 13 14 16 19
 149:  ....1..11.1....11...1.11  24    0 1 3 7 8 13 15 16 19
 152:  ....1..1111....11...1111  24    0 1 2 3 7 8 13 14 15 16 19
 156:  ....1.1..1.1..1.1....111  24    0 1 2 7 9 12 14 17 19
 159:  ....1.1.1..1..1.1...1.11  24    0 1 3 7 9 12 15 17 19
 162:  ....1.1.11.1..1.1...1111  24    0 1 2 3 7 9 12 14 15 17 19
 166:  ....1.11...1..1.1..1..11  24    0 1 4 7 9 12 16 17 19
 167:  ....1.11...11.1....11.11  24    0 1 3 4 9 11 12 16 17 19
 168:  ....1.11..1....11.1...11  24    0 1 5 7 8 13 16 17 19
 169:  ....1.11..1.1..1..1.1.11  24    0 1 3 5 8 11 13 16 17 19
 171:  ....1.11.1....111....111  24    0 1 2 7 8 9 14 16 17 19
 172:  ....1.11.1..1..1..1.11.1  24    0 2 3 5 8 11 14 16 17 19
 173:  ....1.11.1..1.11....1111  24    0 1 2 3 8 9 11 14 16 17 19
 175:  ....1.11.1.1..1.1..1.111  24    0 1 2 4 7 9 12 14 16 17 19
 176:  ....1.11.1.11.1....11111  24    0 1 2 3 4 9 11 12 14 16 17 19
 177:  ....1.11.11....11.1..111  24    0 1 2 5 7 8 13 14 16 17 19
 178:  ....1.11.11.1..1..1.1111  24    0 1 2 3 5 8 11 13 14 16 17 19
 181:  ....1.111..1..1.1..11.11  24    0 1 3 4 7 9 12 15 16 17 19
 182:  ....1.111.1....11.1.1.11  24    0 1 3 5 7 8 13 15 16 17 19
 184:  ....1.1111....111...1111  24    0 1 2 3 7 8 9 14 15 16 17 19
 186:  ....1.1111.1..1.1..11111  24    0 1 2 3 4 7 9 12 14 15 16 17 19
 187:  ....1.11111....11.1.1111  24    0 1 2 3 5 7 8 13 14 15 16 17 19
 190:  ....11....11.1..1....111  24    0 1 2 7 10 12 13 18 19
 194:  ....11..1..1.1..1...11.1  24    0 2 3 7 10 12 15 18 19
 196:  ....11..1.11.1..1...1111  24    0 1 2 3 7 10 12 13 15 18 19
 201:  ....11.1...1.1..1..1.1.1  24    0 2 4 7 10 12 16 18 19
 202:  ....11.1..1..1.11....111  24    0 1 2 7 8 10 13 16 18 19
 203:  ....11.1..1.1..1.1..1.11  24    0 1 3 6 8 11 13 16 18 19
 204:  ....11.1..1.11.1....1111  24    0 1 2 3 8 10 11 13 16 18 19
 206:  ....11.1..11.1..1..1.111  24    0 1 2 4 7 10 12 13 16 18 19
 207:  ....11.1.1..1..1.1..11.1  24    0 2 3 6 8 11 14 16 18 19
 209:  ....11.1.11....111...111  24    0 1 2 6 7 8 13 14 16 18 19
 210:  ....11.1.11.1..1.1..1111  24    0 1 2 3 6 8 11 13 14 16 18 19
 213:  ....11.11..1.1..1..111.1  24    0 2 3 4 7 10 12 15 16 18 19
 214:  ....11.11.1....111..1.11  24    0 1 3 6 7 8 13 15 16 18 19
 215:  ....11.11.1..1.11...1111  24    0 1 2 3 7 8 10 13 15 16 18 19
 217:  ....11.11.11.1..1..11111  24    0 1 2 3 4 7 10 12 13 15 16 18 19
 219:  ....11.1111....111..1111  24    0 1 2 3 6 7 8 13 14 15 16 18 19
 222:  ....111...11.1..1.1..111  24    0 1 2 5 7 10 12 13 17 18 19
 224:  ....111..1.1..1.11...111  24    0 1 2 6 7 9 12 14 17 18 19
 225:  ....111..1.11.1..1..1111  24    0 1 2 3 6 9 11 12 14 17 18 19
 228:  ....111.1..1..1.11..1.11  24    0 1 3 6 7 9 12 15 17 18 19
 229:  ....111.1..1.1..1.1.11.1  24    0 2 3 5 7 10 12 15 17 18 19
 230:  ....111.1..1.11.1...1111  24    0 1 2 3 7 9 10 12 15 17 18 19
 232:  ....111.1.11.1..1.1.1111  24    0 1 2 3 5 7 10 12 13 15 17 18 19
 234:  ....111.11.1..1.11..1111  24    0 1 2 3 6 7 9 12 14 15 17 18 19
 238:  ....1111...1..1.11.1..11  24    0 1 4 6 7 9 12 16 17 18 19
 239:  ....1111...1.1..1.11.1.1  24    0 2 4 5 7 10 12 16 17 18 19
 240:  ....1111...1.11.1..1.111  24    0 1 2 4 7 9 10 12 16 17 18 19
 241:  ....1111...11....1111..1  24    0 3 4 5 6 11 12 16 17 18 19
 242:  ....1111...11.1..1.11.11  24    0 1 3 4 6 9 11 12 16 17 18 19
 243:  ....1111...111....1111.1  24    0 2 3 4 5 10 11 12 16 17 18 19
 244:  ....1111...1111....11111  24    0 1 2 3 4 9 10 11 12 16 17 18 19
 245:  ....1111..1..1.11.1..111  24    0 1 2 5 7 8 10 13 16 17 18 19
 246:  ....1111..1.1..1.11.1.11  24    0 1 3 5 6 8 11 13 16 17 18 19
 247:  ....1111..1.11.1..1.1111  24    0 1 2 3 5 8 10 11 13 16 17 18 19
 249:  ....1111..11.1..1.11.111  24    0 1 2 4 5 7 10 12 13 16 17 18 19
 250:  ....1111..111....1111.11  24    0 1 3 4 5 6 11 12 13 16 17 18 19
 251:  ....1111..1111....111111  24    0 1 2 3 4 5 10 11 12 13 16 17 18 19
 252:  ....1111.1..1..1.11.11.1  24    0 2 3 5 6 8 11 14 16 17 18 19
 253:  ....1111.1..1.11.1..1111  24    0 1 2 3 6 8 9 11 14 16 17 18 19
 255:  ....1111.1.1..1.11.1.111  24    0 1 2 4 6 7 9 12 14 16 17 18 19
 256:  ....1111.1.11....11111.1  24    0 2 3 4 5 6 11 12 14 16 17 18 19
 257:  ....1111.1.11.1..1.11111  24    0 1 2 3 4 6 9 11 12 14 16 17 18 19
 258:  ....1111.11.1..1.11.1111  24    0 1 2 3 5 6 8 11 13 14 16 17 18 19
 260:  ....1111.1111....1111111  24    0 1 2 3 4 5 6 11 12 13 14 16 17 18 19
 262:  ....11111..1..1.11.11.11  24    0 1 3 4 6 7 9 12 15 16 17 18 19
 263:  ....11111..1.1..1.1111.1  24    0 2 3 4 5 7 10 12 15 16 17 18 19
 264:  ....11111..1.11.1..11111  24    0 1 2 3 4 7 9 10 12 15 16 17 18 19
 265:  ....11111.1..1.11.1.1111  24    0 1 2 3 5 7 8 10 13 15 16 17 18 19
 267:  ....11111.11.1..1.111111  24    0 1 2 3 4 5 7 10 12 13 15 16 17 18 19
 269:  ....111111.1..1.11.11111  24    0 1 2 3 4 6 7 9 12 14 15 16 17 18 19
 289:  ...1..11.1.1..11...1.111  24    0 1 2 4 8 9 12 14 16 17 20
 292:  ...1..111..1..11...11.11  24    0 1 3 4 8 9 12 15 16 17 20
 295:  ...1..1111.1..11...11111  24    0 1 2 3 4 8 9 12 14 15 16 17 20
 305:  ...1.1.1..11.1.1...1.111  24    0 1 2 4 8 10 12 13 16 18 20
 309:  ...1.1.11..1.1.1...111.1  24    0 2 3 4 8 10 12 15 16 18 20
 311:  ...1.1.11.11.1.1...11111  24    0 1 2 3 4 8 10 12 13 15 16 18 20
 315:  ...1.11...11.1.1..1..111  24    0 1 2 5 8 10 12 13 17 18 20
 317:  ...1.11..1.1..11.1...111  24    0 1 2 6 8 9 12 14 17 18 20
 320:  ...1.11.1..1..11.1..1.11  24    0 1 3 6 8 9 12 15 17 18 20
 321:  ...1.11.1..1.1.1..1.11.1  24    0 2 3 5 8 10 12 15 17 18 20
 323:  ...1.11.1.11.1.1..1.1111  24    0 1 2 3 5 8 10 12 13 15 17 18 20
 325:  ...1.11.11.1..11.1..1111  24    0 1 2 3 6 8 9 12 14 15 17 18 20
 329:  ...1.111..11.1.1..11.111  24    0 1 2 4 5 8 10 12 13 16 17 18 20
 331:  ...1.111.1.1..11.1.1.111  24    0 1 2 4 6 8 9 12 14 16 17 18 20
 334:  ...1.1111..1..11.1.11.11  24    0 1 3 4 6 8 9 12 15 16 17 18 20
 335:  ...1.1111..1.1.1..1111.1  24    0 2 3 4 5 8 10 12 15 16 17 18 20
 336:  ...1.1111..1.111...11111  24    0 1 2 3 4 8 9 10 12 15 16 17 18 20
 338:  ...1.1111.11.1.1..111111  24    0 1 2 3 4 5 8 10 12 13 15 16 17 18 20
 340:  ...1.11111.1..11.1.11111  24    0 1 2 3 4 6 8 9 12 14 15 16 17 18 20
 346:  ...11..1..111..1...11.11  24    0 1 3 4 8 11 12 13 16 19 20
 348:  ...11..1.1.11..1...111.1  24    0 2 3 4 8 11 12 14 16 19 20
 350:  ...11..1.1111..1...11111  24    0 1 2 3 4 8 11 12 13 14 16 19 20
 355:  ...11.1...111..1..1.1.11  24    0 1 3 5 8 11 12 13 17 19 20
 357:  ...11.1..1.11..1..1.11.1  24    0 2 3 5 8 11 12 14 17 19 20
 359:  ...11.1..1111..1..1.1111  24    0 1 2 3 5 8 11 12 13 14 17 19 20
 363:  ...11.1.11.1..111...1111  24    0 1 2 3 7 8 9 12 14 15 17 19 20
 367:  ...11.11..111..1..111.11  24    0 1 3 4 5 8 11 12 13 16 17 19 20
 369:  ...11.11.1.1..111..1.111  24    0 1 2 4 7 8 9 12 14 16 17 19 20
 370:  ...11.11.1.11..1..1111.1  24    0 2 3 4 5 8 11 12 14 16 17 19 20
 371:  ...11.11.1.11.11...11111  24    0 1 2 3 4 8 9 11 12 14 16 17 19 20
 373:  ...11.11.1111..1..111111  24    0 1 2 3 4 5 8 11 12 13 14 16 17 19 20
 375:  ...11.111..1..111..11.11  24    0 1 3 4 7 8 9 12 15 16 17 19 20
 378:  ...11.1111.1..111..11111  24    0 1 2 3 4 7 8 9 12 14 15 16 17 19 20
 381:  ...111...1111..1.1..1111  24    0 1 2 3 6 8 11 12 13 14 18 19 20
 384:  ...111..1.11.1.11...1111  24    0 1 2 3 7 8 10 12 13 15 18 19 20
 389:  ...111.1..11.1.11..1.111  24    0 1 2 4 7 8 10 12 13 16 18 19 20
 390:  ...111.1..111..1.1.11.11  24    0 1 3 4 6 8 11 12 13 16 18 19 20
 391:  ...111.1..1111.1...11111  24    0 1 2 3 4 8 10 11 12 13 16 18 19 20
 393:  ...111.1.1.11..1.1.111.1  24    0 2 3 4 6 8 11 12 14 16 18 19 20
 395:  ...111.1.1111..1.1.11111  24    0 1 2 3 4 6 8 11 12 13 14 16 18 19 20
 397:  ...111.11..1.1.11..111.1  24    0 2 3 4 7 8 10 12 15 16 18 19 20
 399:  ...111.11.11.1.11..11111  24    0 1 2 3 4 7 8 10 12 13 15 16 18 19 20
 402:  ...1111...1111.1..1.1111  24    0 1 2 3 5 8 10 11 12 13 17 18 19 20
 404:  ...1111..1.11..1.11.11.1  24    0 2 3 5 6 8 11 12 14 17 18 19 20
 405:  ...1111..1.11.11.1..1111  24    0 1 2 3 6 8 9 11 12 14 17 18 19 20
 407:  ...1111..1111..1.11.1111  24    0 1 2 3 5 6 8 11 12 13 14 17 18 19 20
 409:  ...1111.1..1..1111..1.11  24    0 1 3 6 7 8 9 12 15 17 18 19 20
 410:  ...1111.1..1.1.11.1.11.1  24    0 2 3 5 7 8 10 12 15 17 18 19 20
 412:  ...1111.1.11.1.11.1.1111  24    0 1 2 3 5 7 8 10 12 13 15 17 18 19 20
 414:  ...1111.11.1..1111..1111  24    0 1 2 3 6 7 8 9 12 14 15 17 18 19 20
 418:  ...11111..11.1.11.11.111  24    0 1 2 4 5 7 8 10 12 13 16 17 18 19 20
 419:  ...11111..111..1.1111.11  24    0 1 3 4 5 6 8 11 12 13 16 17 18 19 20
 420:  ...11111..1111.1..111111  24    0 1 2 3 4 5 8 10 11 12 13 16 17 18 19 20
 422:  ...11111.1.1..1111.1.111  24    0 1 2 4 6 7 8 9 12 14 16 17 18 19 20
 423:  ...11111.1.11..1.11111.1  24    0 2 3 4 5 6 8 11 12 14 16 17 18 19 20
 424:  ...11111.1.11.11.1.11111  24    0 1 2 3 4 6 8 9 11 12 14 16 17 18 19 20
 426:  ...11111.1111..1.1111111  24    0 1 2 3 4 5 6 8 11 12 13 14 16 17 18 19 20
 428:  ...111111..1..1111.11.11  24    0 1 3 4 6 7 8 9 12 15 16 17 18 19 20
 429:  ...111111..1.1.11.1111.1  24    0 2 3 4 5 7 8 10 12 15 16 17 18 19 20
 430:  ...111111..1.1111..11111  24    0 1 2 3 4 7 8 9 10 12 15 16 17 18 19 20
 432:  ...111111.11.1.11.111111  24    0 1 2 3 4 5 7 8 10 12 13 15 16 17 18 19 20
 434:  ...1111111.1..1111.11111  24    0 1 2 3 4 6 7 8 9 12 14 15 16 17 18 19 20
 444:  ..1..1.11.1..1.1..1.11.1  24    0 2 3 5 8 10 13 15 16 18 21
 457:  ..1..1111.1..111..1.1111  24    0 1 2 3 5 8 9 10 13 15 16 17 18 21
 472:  ..1.1.11.1..1.11..1.11.1  24    0 2 3 5 8 9 11 14 16 17 19 21
 474:  ..1.1.11.11.1.11..1.1111  24    0 1 2 3 5 8 9 11 13 14 16 17 19 21
 484:  ..1.11.1..11.1..1.11.1.1  24    0 2 4 5 7 10 12 13 16 18 19 21
 485:  ..1.11.1..11.11.1..1.111  24    0 1 2 4 7 9 10 12 13 16 18 19 21
 486:  ..1.11.1..111.1..1.11.11  24    0 1 3 4 6 9 11 12 13 16 18 19 21
 488:  ..1.11.1.1.11.1..1.111.1  24    0 2 3 4 6 9 11 12 14 16 18 19 21
 489:  ..1.11.1.11.1..1.11.11.1  24    0 2 3 5 6 8 11 13 14 16 18 19 21
 490:  ..1.11.1.11.1.11.1..1111  24    0 1 2 3 6 8 9 11 13 14 16 18 19 21
 492:  ..1.11.1.1111.1..1.11111  24    0 1 2 3 4 6 9 11 12 13 14 16 18 19 21
 494:  ..1.11.11.11.1..1.1111.1  24    0 2 3 4 5 7 10 12 13 15 16 18 19 21
 495:  ..1.11.11.11.11.1..11111  24    0 1 2 3 4 7 9 10 12 13 15 16 18 19 21
 499:  ..1.111..1111.1..11.1111  24    0 1 2 3 5 6 9 11 12 13 14 17 18 19 21
 501:  ..1.111.1.11.11.1.1.1111  24    0 1 2 3 5 7 9 10 12 13 15 17 18 19 21
 506:  ..1.1111..11.11.1.11.111  24    0 1 2 4 5 7 9 10 12 13 16 17 18 19 21
 507:  ..1.1111..111.1..1111.11  24    0 1 3 4 5 6 9 11 12 13 16 17 18 19 21
 509:  ..1.1111.1.11.1..11111.1  24    0 2 3 4 5 6 9 11 12 14 16 17 18 19 21
 510:  ..1.1111.11.1.11.11.1111  24    0 1 2 3 5 6 8 9 11 13 14 16 17 18 19 21
 512:  ..1.1111.1111.1..1111111  24    0 1 2 3 4 5 6 9 11 12 13 14 16 17 18 19 21
 513:  ..1.11111.1..1111.1.1111  24    0 1 2 3 5 7 8 9 10 13 15 16 17 18 19 21
 515:  ..1.11111.11.11.1.111111  24    0 1 2 3 4 5 7 9 10 12 13 15 16 17 18 19 21
 530:  ..11.1.11.11.1.1..1111.1  24    0 2 3 4 5 8 10 12 13 15 16 18 20 21
 541:  ..11.1111.11.111..111111  24    0 1 2 3 4 5 8 9 10 12 13 15 16 17 18 20 21
 551:  ..111.11.1.11.11..1111.1  24    0 2 3 4 5 8 9 11 12 14 16 17 19 20 21
 553:  ..111.11.1111.11..111111  24    0 1 2 3 4 5 8 9 11 12 13 14 16 17 19 20 21
 560:  ..1111.1.1.11.11.1.111.1  24    0 2 3 4 6 8 9 11 12 14 16 18 19 20 21
 562:  ..1111.1.1111.11.1.11111  24    0 1 2 3 4 6 8 9 11 12 13 14 16 18 19 20 21
 564:  ..1111.11.11.1.11.1111.1  24    0 2 3 4 5 7 8 10 12 13 15 16 18 19 20 21
 565:  ..1111.11.11.1111..11111  24    0 1 2 3 4 7 8 9 10 12 13 15 16 18 19 20 21
 569:  ..11111.1.11.1111.1.1111  24    0 1 2 3 5 7 8 9 10 12 13 15 17 18 19 20 21
 574:  ..111111.1.11.11.11111.1  24    0 2 3 4 5 6 8 9 11 12 14 16 17 18 19 20 21
 576:  ..111111.1111.11.1111111  24    0 1 2 3 4 5 6 8 9 11 12 13 14 16 17 18 19 20 21
 578:  ..1111111.11.1111.111111  24    0 1 2 3 4 5 7 8 9 10 12 13 15 16 17 18 19 20 21
 590:  .1.1.11111.1.111.1.11111  24    0 1 2 3 4 6 8 9 10 12 14 15 16 17 18 20 22
 603:  .1.11111.11111.1.1111111  24    0 1 2 3 4 5 6 8 10 11 12 13 14 16 17 18 19 20 22

 478:  ...1...1...11..1...1...1..11  28    0 1 4 8 12 15 16 20 24
 483:  ...1...1..111..1...1...11.11  28    0 1 3 4 8 12 15 16 17 20 24
 494:  ...1...11..11..1...1..11..11  28    0 1 4 5 8 12 15 16 19 20 24
 499:  ...1...11.111..1...1..111.11  28    0 1 3 4 5 8 12 15 16 17 19 20 24
 534:  ...1..11...11..1...11..1..11  28    0 1 4 7 8 12 15 16 20 21 24
 539:  ...1..11..111..1...11..11.11  28    0 1 3 4 7 8 12 15 16 17 20 21 24
 550:  ...1..111..11..1...11.11..11  28    0 1 4 5 7 8 12 15 16 19 20 21 24
 555:  ...1..111.111..1...11.111.11  28    0 1 3 4 5 7 8 12 15 16 17 19 20 21 24
 671:  ...11..1..111..1..11...11.11  28    0 1 3 4 8 9 12 15 16 17 20 23 24
 681:  ...11..11..11..1..11..11..11  28    0 1 4 5 8 9 12 15 16 19 20 23 24
 686:  ...11..11.111..1..11..111.11  28    0 1 3 4 5 8 9 12 15 16 17 19 20 23 24
 721:  ...11.11..111..1..111..11.11  28    0 1 3 4 7 8 9 12 15 16 17 20 21 23 24
 731:  ...11.111..11..1..111.11..11  28    0 1 4 5 7 8 9 12 15 16 19 20 21 23 24
 736:  ...11.111.111..1..111.111.11  28    0 1 3 4 5 7 8 9 12 15 16 17 19 20 21 23 24
1007:  ..11..11..11.11..11..11..111  28    0 1 2 5 6 9 10 13 14 16 17 20 21 24 25
1013:  ..11..11.111.11..11..111.111  28    0 1 2 4 5 6 9 10 13 14 16 17 18 20 21 24 25
1046:  ..11.11..111.11..111..11.111  28    0 1 2 4 5 8 9 10 13 14 16 17 18 21 22 24 25
1062:  ..11.111.111.11..111.111.111  28    0 1 2 4 5 6 8 9 10 13 14 16 17 18 20 21 22 24 25

  20:  .........1...1.....1........11  30    0 1 10 16 20
  22:  .........1..1......1.......1.1  30    0 2 10 17 20
  24:  .........1..11.....1.......111  30    0 1 2 10 16 17 20
  26:  .........1.1.......1......1..1  30    0 3 10 18 20
  28:  .........1.1.1.....1......1.11  30    0 1 3 10 16 18 20
  30:  .........1.11......1......11.1  30    0 2 3 10 17 18 20
  32:  .........1.111.....1......1111  30    0 1 2 3 10 16 17 18 20
  34:  .........11........1.....1...1  30    0 4 10 19 20
  35:  .........11.....1.....1.....11  30    0 1 7 13 19 20
  36:  .........11.....11.........111  30    0 1 2 12 13 19 20
# [--snip--]
5926:  ..111111.11.111.11.11.111111.1  30    0 2 3 4 5 6 7 9 10 12 13 15 16 17 19 20 22 23 24 25 26 27
5927:  ..111111.11.111.11111.1.111111  30    0 1 2 3 4 5 7 9 10 11 12 13 15 16 17 19 20 22 23 24 25 26 27
5932:  ..1111111.1.1.1.11111.11.111.1  30    0 2 3 4 6 7 9 10 11 12 13 15 17 19 21 22 23 24 25 26 27
5934:  ..1111111.1.111.11111.11.11111  30    0 1 2 3 4 6 7 9 10 11 12 13 15 16 17 19 21 22 23 24 25 26 27
5940:  ..11111111.1.111.111.111111.11  30    0 1 3 4 5 6 7 8 10 11 12 14 15 16 18 20 21 22 23 24 25 26 27
5942:  ..11111111.11.11.111.1111111.1  30    0 2 3 4 5 6 7 8 10 11 12 14 15 17 18 20 21 22 23 24 25 26 27
5944:  ..11111111.11111.111.111111111  30    0 1 2 3 4 5 6 7 8 10 11 12 14 15 16 17 18 20 21 22 23 24 25 26 27
5946:  ..111111111.1.1.11111.111111.1  30    0 2 3 4 5 6 7 9 10 11 12 13 15 17 19 20 21 22 23 24 25 26 27
5948:  ..111111111.111.11111.11111111  30    0 1 2 3 4 5 6 7 9 10 11 12 13 15 16 17 19 20 21 22 23 24 25 26 27
5972:  .1.1.11.11.111.11.11.1.1.11111  30    0 1 2 3 4 6 8 10 11 13 14 16 17 18 20 21 23 24 26 28
5983:  .1.1.1111.11.11.111.11.1.11111  30    0 1 2 3 4 6 8 9 11 12 13 15 16 18 19 21 22 23 24 26 28
5987:  .1.1.11111.1.11.111.11.11.1111  30    0 1 2 3 5 6 8 9 11 12 13 15 16 18 20 21 22 23 24 26 28
5988:  .1.1.11111.111.11.11.111.11111  30    0 1 2 3 4 6 7 8 10 11 13 14 16 17 18 20 21 22 23 24 26 28
5992:  .1.1.1111111.11.111.11.1111111  30    0 1 2 3 4 5 6 8 9 11 12 13 15 16 18 19 20 21 22 23 24 26 28
6010:  .1.11.111111.11.1111.1.1111111  30    0 1 2 3 4 5 6 8 10 11 12 13 15 16 18 19 20 21 22 23 25 26 28
6025:  .1.1111.11.111111.11.1.1111111  30    0 1 2 3 4 5 6 8 10 11 13 14 15 16 17 18 20 21 23 24 25 26 28
6029:  .1.11111.1.111111.11.11.111111  30    0 1 2 3 4 5 7 8 10 11 13 14 15 16 17 18 20 22 23 24 25 26 28
6037:  .1.1111111.111111.11.111111111  30    0 1 2 3 4 5 6 7 8 10 11 13 14 15 16 17 18 20 21 22 23 24 25 26 28
6040:  .1.111111111.11.111111.1111111  30    0 1 2 3 4 5 6 8 9 10 11 12 13 15 16 18 19 20 21 22 23 24 25 26 28

  36:  ...........1....1......1..........11  36    0 1 12 19 24
  38:  ...........1...1.......1.........1.1  36    0 2 12 20 24
  40:  ...........1...11......1.........111  36    0 1 2 12 19 20 24
  42:  ...........1..1........1........1..1  36    0 3 12 21 24
  44:  ...........1..1.1......1........1.11  36    0 1 3 12 19 21 24
  46:  ...........1..11.......1........11.1  36    0 2 3 12 20 21 24
  48:  ...........1..111......1........1111  36    0 1 2 3 12 19 20 21 24
  50:  ...........1.1.........1.......1...1  36    0 4 12 22 24
  52:  ...........1.1..1......1.......1..11  36    0 1 4 12 19 22 24
  54:  ...........1.1.1.......1.......1.1.1  36    0 2 4 12 20 22 24
  56:  ...........1.1.11......1.......1.111  36    0 1 2 4 12 19 20 22 24
  58:  ...........1.11........1.......11..1  36    0 3 4 12 21 22 24
  60:  ...........1.11.1......1.......11.11  36    0 1 3 4 12 19 21 22 24
  62:  ...........1.111.......1.......111.1  36    0 2 3 4 12 20 21 22 24
  64:  ...........1.1111......1.......11111  36    0 1 2 3 4 12 19 20 21 22 24
  66:  ...........11..........1......1....1  36    0 5 12 23 24
  68:  ...........11...1......1......1...11  36    0 1 5 12 19 23 24
# [--snip--]
35153:  .1.11.111111.1.111.1111.11.111.11111  36    0 1 2 3 4 6 7 8 10 11 13 14 15 16 18 19 20 22 24 25 26 27 28 29 31 32 34
35155:  .1.11.111111.1111.11.111.1111.111111  36    0 1 2 3 4 5 7 8 9 10 12 13 14 16 17 19 20 21 22 24 25 26 27 28 29 31 32 34
35159:  .1.11.11111111.111.1111.11.111111111  36    0 1 2 3 4 5 6 7 8 10 11 13 14 15 16 18 19 20 22 23 24 25 26 27 28 29 31 32 34
35176:  .1.111.11.1111.111.11.11.1.111111.11  36    0 1 3 4 5 6 7 8 10 12 13 15 16 18 19 20 22 23 24 25 27 28 30 31 32 34
35193:  .1.111.1111111.111.11111.1.111111111  36    0 1 2 3 4 5 6 7 8 10 12 13 14 15 16 18 19 20 22 23 24 25 26 27 28 30 31 32 34
35220:  .1.11111.111.11.1111.111.1.111111.11  36    0 1 3 4 5 6 7 8 10 12 13 14 16 17 18 19 21 22 24 25 26 28 29 30 31 32 34
35222:  .1.11111.111.1111111.111.1.111111111  36    0 1 2 3 4 5 6 7 8 10 12 13 14 16 17 18 19 20 21 22 24 25 26 28 29 30 31 32 34
35230:  .1.111111.11.11.1111.111.11.11111.11  36    0 1 3 4 5 6 7 9 10 12 13 14 16 17 18 19 21 22 24 25 27 28 29 30 31 32 34
35232:  .1.111111.11.1111111.111.11.11111111  36    0 1 2 3 4 5 6 7 9 10 12 13 14 16 17 18 19 20 21 22 24 25 27 28 29 30 31 32 34
35235:  .1.111111.1111.111.11.1111.111111.11  36    0 1 3 4 5 6 7 8 10 11 12 13 15 16 18 19 20 22 23 24 25 27 28 29 30 31 32 34
35238:  .1.1111111.1.1111111.111.111.1111111  36    0 1 2 3 4 5 6 8 9 10 12 13 14 16 17 18 19 20 21 22 24 26 27 28 29 30 31 32 34
35244:  .1.11111111.11.111.1111111.11.111111  36    0 1 2 3 4 5 7 8 10 11 12 13 14 15 16 18 19 20 22 23 25 26 27 28 29 30 31 32 34
35249:  .1.111111111.11.1111.111.11111111.11  36    0 1 3 4 5 6 7 8 9 10 12 13 14 16 17 18 19 21 22 24 25 26 27 28 29 30 31 32 34
35251:  .1.111111111.1111111.111.11111111111  36    0 1 2 3 4 5 6 7 8 9 10 12 13 14 16 17 18 19 20 21 22 24 25 26 27 28 29 30 31 32 34
35254:  .1.11111111111.111.1111111.111111111  36    0 1 2 3 4 5 6 7 8 10 11 12 13 14 15 16 18 19 20 22 23 24 25 26 27 28 29 30 31 32 34
35271:  .11.11.11111111.11.11111.11.11111111  36    0 1 2 3 4 5 6 7 9 10 12 13 14 15 16 18 19 21 22 23 24 25 26 27 28 30 31 33 34
35296:  .11.11111111.11111111.11.11111111111  36    0 1 2 3 4 5 6 7 8 9 10 12 13 15 16 17 18 19 20 21 22 24 25 26 27 28 29 30 31 33 34
